,Source,Target,value,nb_transactions
0,1,1714,497897637,2
1,293,1257,69799411130,1
2,12,163,19460378119,1
3,866,0,2779912552,2
4,150,2,2232404157,1
5,1061,56,329057422362,78
6,253,1641,13631210,3
7,61,1265,10525969399,7
8,1,2230,8083322,1
9,376,44,3390000,1
10,11,32,1386887725,1
11,64,915,5711888003,20
12,298,67,4731185105,1
13,138,12,19301667247,6
14,2131,56,2232399056,38
15,984,6,78029865618,8
16,27,884,100948096,1
17,50,994,823984,1
18,82,1440,4051319,1
19,73,44,10843937,3
20,30,376,54933819,1
21,0,2185,1124260,1
22,791,2330,897870,1
23,85,323,1971142,1
24,58,856,1390998858,1
25,822,67,24206484,1
26,1061,564,4765825415,1
27,15,0,122183992,1
28,64,79,134294083,1
29,2056,2,3355009596,11
30,2,1644,190068034,2
31,984,1288,45719353826,2
32,1034,56,827270,1
33,1611,2,1698401981,2
34,30,2,34728496387,22
35,66,148,63343240254,4
36,1105,56,49402850,1
37,30,246,213031777,1
38,64,2,3740015879,9
39,56,3067,39208899400,1
40,30,1105,6668672935,5
41,11,1,3897796339,3
42,1285,374,78911160,1
43,374,38,397965341,5
44,132,893,6540920020,9
45,2267,984,467354703,22
46,225,148,25265192,2
47,116,2248,295357906,3
48,150,67,1547241024,1
49,984,222,19470287828,2
50,87,984,100634781,1
51,222,428,76686912,2
52,148,85,2471381660,1
53,2858,2200,329338,1
54,286,20,1307845341,3
55,89,61,57549688261,7
56,12,85,389207562380,20
57,105,2210,119402367511,135
58,46,907,32899771,1
59,11,884,1133548098,1
60,148,778,86566427306,6
61,51,20,57753526,1
62,296,320,260400382,1
63,140,86,167331585,1
64,881,2210,25168377,1
65,273,665,159914800,1
66,936,67,461387170,1
67,459,739,20154300,1
68,155,56,34289573,2
69,2248,76,51362686,1
70,101,340,118071101,7
71,227,0,769396735,1
72,5,1083,236102185,1
73,2248,56,7547779746,125
74,11,2356,1456270296,1
75,297,2276,756928145,1
76,749,225,969755920,1
77,30,884,35066576027,39
78,89,1214,25518497512,2
79,61,1257,26250552969,5
80,69,750,6842472571,1
81,105,675,266396157,1
82,12,2180,58381134357,3
83,46,386,34684775,1
84,2,2,278429190,7
85,138,2230,4675950170,1
86,658,376,13183184,2
87,152,56,2603267490,57
88,1,2215,3130555714,13
89,364,2224,6119270,2
90,235,188,5337996,2
91,387,662,17709914570,1
92,778,56,247263582042,128
93,56,2924,254509572252,5
94,73,286,4430767,1
95,56,2224,5155963934,1
96,11,2363,3118103197,3
97,79,86,2205835751,1
98,478,2186,2756048,1
99,1,555,83130987,1
100,56,121,189433489289,5
101,66,2,72837569056,5
102,79,56,2802047706,11
103,399,188,5823614,1
104,984,2027,50693201293,3
105,2,1,112484194,5
106,30,268,21888354953,1
107,56,564,1909004393842,58
108,73,374,2332743,1
109,148,300,53634705801,2
110,138,86,18850190477,8
111,218,56,1999932200,1
112,294,0,14454136,1
113,0,2291,311794,1
114,32,638,5022102,1
115,30,225,715008851,2
116,1,188,36827671,1
117,206,949,3324263,1
118,51,239,494249,1
119,30,984,149276914505,116
120,79,901,155637000,1
121,193,2186,38885891,2
122,67,2,1105525751,8
123,1,1061,36827671,1
124,116,2,104531864,2
125,12,901,155683024952,8
126,1439,984,6923067,3
127,276,56,15829940,1
128,54,56,1793220790,17
129,2,268,40808044,2
130,12,915,61231687,8
131,984,376,211784205183,10
132,534,2187,166995270,1
133,105,81,683493132,1
134,30,2027,1472462022,1
135,78,984,22412475,1
136,59,56,22450767,4
137,53,56,519950000,1
138,56,923,209280689365,4
139,1,121,28546921,1
140,222,893,472557128,2
141,1008,377,16077570,1
142,553,188,343312,1
143,534,140,169718703,1
144,390,20,2548942120,1
145,146,126,12475121,1
146,1060,302,50168000,1
147,488,67,591485,1
148,2962,2305,452783870,2
149,56,79,287194815201,7
150,63,467,6131287,2
151,856,27,139184527,3
152,11,150,1187192884,1
153,148,1061,92929421509,8
154,23,376,970932,1
155,56,225,337289514527,11
156,132,1603,2096093430,4
157,212,2224,58617970,1
158,1021,56,14777174,1
159,1788,1457,666576267,1
160,534,660,166995270,1
161,1061,244,90502994997,1
162,64,894,141148193,2
163,331,984,200291214,1
164,86,12,2543005,1
165,150,1031,1263026451,1
166,749,1478,2029471160,3
167,374,132,73875962,1
168,12,2,155683024952,8
169,30,67,479970000,1
170,148,1466,298646930,1
171,814,188,1571493,1
172,1,648,5220361211,37
173,76,304,384785002,2
174,1328,2210,1753677536,2
175,73,152,11231408,1
176,20,168,32179094432,2
177,390,915,2614328722,1
178,222,56,960888638,5
179,105,1478,1147851770,2
180,150,538,1263026451,1
181,387,894,49975979140,4
182,6,2185,2016631251,3
183,85,1397,5948870,1
184,1061,20,51801093531,20
185,0,13,209272,4
186,1530,662,2917736,1
187,38,1051,208081337318,14
188,227,648,29815417,1
189,197,2248,53417123,12
190,923,984,2420107,1
191,54,376,3118996085,114
192,54,2210,100065942,1
193,778,2517,284225125,1
194,89,148,40711721671,3
195,244,839,537766160,3
196,777,905,231187650,1
197,227,2027,673481717,3
198,4,38,1763106336,27
199,32,2215,1471472,1
200,59,21,3764421,2
201,1432,2224,646523,1
202,254,56,9899849326,1
203,73,2215,2990535,1
204,6,2,5377683336,8
205,67,20,169185129,6
206,148,762,84159391504,8
207,56,247,8076771726,1
208,376,296,47635500,3
209,821,12,1597540,1
210,1363,56,145675529,5
211,1369,919,1858724,1
212,124,148,599932576,1
213,2,1233,20404022,1
214,152,894,198293383,5
215,478,2210,16769541,2
216,984,604,272848943,1
217,920,188,16398002,2
218,64,1641,3114800399,13
219,56,971,7035821269,1
220,190,2224,809348,1
221,0,73,6432947,8
222,63,662,1136601,1
223,984,27,1136001819882,128
224,218,148,7289504,1
225,2248,1644,43412081,2
226,2132,984,9938201,1
227,286,1061,679485596,1
228,150,464,3044114226,1
229,2,2962,56858745,1
230,56,5,390473407315,12
231,915,856,3038017267,3
232,124,2246,599931974,1
233,6,2180,6049893753,9
234,280,984,290446826,1
235,844,188,4009776,1
236,1061,2180,6054903985,4
237,56,1981,13378820946,1
238,56,788,735147067133,14
239,45,188,722880,1
240,244,185,56438918667,30
241,2,1440,28775390,3
242,79,675,5596714970,5
243,0,2224,7938061,1
244,1285,12,1968899,1
245,38,633,7646488183,2
246,2555,296,33200572,2
247,20,105,78667061115,41
248,150,29,4796535128,2
249,1,2185,40099724538,229
250,364,1,478738,1
251,0,856,39608680,5
252,340,56,450787893,1
253,58,434,9999481919,1
254,23,957,46409125,1
255,148,86,33205903474,7
256,4,12,9471919,1
257,222,891,321486786,1
258,56,44,899820900,1
259,30,1397,4601515456,10
260,2131,455,284758865,3
261,38,140,12686163099,2
262,67,27,279773289,1
263,2,276,29674164,2
264,1439,82,2307689,1
265,1611,665,5205925882,8
266,62,56,371007175,8
267,984,2761,17920199935,1
268,56,152,60690295884,4
269,0,2194,1823014,3
270,323,374,540161,1
271,61,894,37973208230,5
272,374,2210,7384720235,18
273,1810,374,22765557,1
274,268,984,10695662,5
275,20,1149,504676672,1
276,38,1810,24875863928,1
277,63,99,2606938,1
278,387,984,56374743710,5
279,132,428,9829297177,11
280,79,901,1585362,1
281,0,923,15202021,8
282,38,2791,6986533327,1
283,771,374,2519722,1
284,1061,196,490203911,1
285,247,20,805672,1
286,185,23,243594800,1
287,464,1116,1792945889,68
288,63,2738,6923615,1
289,82,85,11218177,1
290,1061,2187,7012418218,8
291,2248,2187,1843515494,29
292,116,662,173521900,2
293,465,2246,16913865,2
294,56,246,193121308536,3
295,12,63,2895952,1
296,990,0,4338690,1
297,11,778,6752020807,8
298,6,1641,1344420834,2
299,0,2276,16653852,6
300,276,0,1498540,1
301,6,2182,1507996504,3
302,856,1457,7188723,1
303,66,2228,24961554875,1
304,126,1034,2816473977,1
305,38,227,92772316046,4
306,1,426,70609606,1
307,821,56,3863390,1
308,492,2248,6009171,1
309,30,30,10394643434,11
310,915,984,477302284821,281
311,534,1478,169718703,1
312,162,297,199606951,1
313,105,376,1472956280,4
314,6,665,12099787506,18
315,64,901,17609237,1
316,185,56,18352410036,35
317,12,2517,19460378119,1
318,51,662,22517,1
319,984,0,694167924610,56
320,2,105,633444105,4
321,150,82,1547241024,1
322,227,150,2263349774,1
323,2248,2230,41882653,2
324,1906,2180,51327919,1
325,6,16,672210417,1
326,2530,188,3919544,1
327,73,2185,423726276,2
328,61,428,45262319913,4
329,478,0,2811933,2
330,21,56,212128364,3
331,831,2246,2059054,1
332,247,188,249895178,1
333,296,428,147792732,1
334,86,856,134265035,3
335,1823,0,16971860,1
336,140,662,1172617853,1
337,884,51,3698823757,10
338,73,30,16626963,1
339,61,662,2682055521,1
340,105,2185,2917938818,4
341,105,286,397473598,1
342,0,2924,4927140,1
343,0,152,118214615,7
344,984,3,30119920733,1
345,162,76,76236807,1
346,38,762,161488290186,7
347,38,2027,35390976483,1
348,20,1457,61850854471,12
349,138,902,20642428127,7
350,963,53,1493874350,1
351,79,1776,7868749,1
352,138,2,46057146989,16
353,1322,994,4381992,1
354,11,99,11906352825,11
355,12,6,19460378119,1
356,430,4,1440511260,18
357,4,984,59999127,8
358,796,489,140768438,1
359,984,2289,258052151847,12
360,61,915,168849368729,24
361,54,27,294764920,1
362,12,2365,19460378119,1
363,297,76,9261405,1
364,1,1903,1679468,1
365,984,2758,6903906515,1
366,56,944,119460,22
367,374,467,55058920,1
368,56,478,246586344983,11
369,56,907,181651808188,7
370,428,23,7813143221,2
371,760,38,22479572,1
372,1143,258,219140823,1
373,6,1478,1344420834,2
374,286,2,402327064,1
375,778,99,5035271736,14
376,6,1603,2016631251,3
377,455,148,37582928,1
378,20,2,21290031121,8
379,51,2363,131197757,2
380,2,56,46869831111,218
381,56,444,19423380744,1
382,662,901,83319595,17
383,11,927,253888030,1
384,1,126,105609726,1
385,302,56,13884614,2
386,61,23,45163279376,6
387,54,12,345186700,5
388,29,984,348973680,7
389,140,374,422687313,1
390,162,984,2002056864,11
391,20,16,5302134604,2
392,984,788,323588625833,25
393,38,1083,9237752399,2
394,1,2,491839416,2
395,2573,188,11645330,1
396,0,323,1412137,1
397,627,38,630588348,1
398,856,126,325900065,1
399,64,1,22527526001,57
400,132,850,257735310,4
401,428,984,37034419705,56
402,73,5,3000007,1
403,291,56,1001122364,2
404,0,1,1721703807,102
405,38,304,364653806,1
406,2,901,830497611,12
407,984,23,402751731404,17
408,374,175,151564166,1
409,367,0,1003920,1
410,64,148,16029493900,33
411,984,2215,179678266062,12
412,1099,2131,39010688,1
413,154,20,1304513123,1
414,326,0,3092764,1
415,12,374,19487143537,2
416,374,662,533676878,4
417,0,1641,125765,3
418,51,376,8720732,1
419,140,152,1669958642,3
420,430,56,221205382,7
421,984,148,3824445647848,278
422,660,73,2052157,2
423,340,54,5109292,2
424,2248,983,40684004,2
425,138,268,1531747465,1
426,1061,2230,3561719540,1
427,1981,66,670660000,3
428,67,73,2620819,1
429,172,23,102056147,2
430,1,152,7367584020,51
431,434,20,291351632,2
432,85,0,18725855,3
433,20,762,43319747,1
434,534,152,166995270,1
435,116,984,83002852,1
436,56,374,655135498022,24
437,6,225,672210417,1
438,261,2248,7463722,2
439,0,376,6117342,5
440,0,618,19163309,1
441,253,286,3486487,1
442,27,2230,111859700,2
443,11,304,1301862782,1
444,12,1061,19460378119,1
445,20,0,3200631019,3
446,56,936,29809092567,1
447,2,458,593773691,2
448,1628,1,16380,6
449,113,12,1003943,1
450,374,2288,303234397,1
451,61,0,25639449980,1
452,615,188,3614945,1
453,102,2248,12250000,1
454,513,249,1780266,1
455,56,512,17924486202,1
456,5,182,5537935,1
457,27,2305,51750862,1
458,32,2356,1147043,1
459,150,467,2232404157,1
460,2,0,556162397,3
461,3067,1085,22408753462,1
462,66,23,1674800188,1
463,11,95,6895070201,7
464,105,148,17686302091,25
465,38,94,52627139396,3
466,11,1981,1456506860,1
467,1285,984,303705133,1
468,864,478,13729777,1
469,113,73,14577752,4
470,12,2183,19460378119,1
471,2,2187,1639877107,15
472,33,99,63462020415,4
473,0,839,494309,2
474,298,984,221251334934,88
475,296,984,5651406,1
476,11,856,19703040,1
477,2,30,359637097,1
478,30,110,12850493912,17
479,99,19,750000000000,15
480,1510,984,1760580264,4
481,640,61,10606009624,28
482,340,155,15379150,3
483,12,2228,1462820573170,73
484,6,2510,1507996504,3
485,32,44,1100028,1
486,29,581,130010682,3
487,101,0,1269523,1
488,2248,304,56561459,2
489,76,2248,637665215,3
490,1042,56,8279473689,5
491,51,1397,1487615,1
492,150,105,35718466512,16
493,155,2246,46122050,2
494,69,1257,98863746184,7
495,30,105,13155138986,26
496,915,12,38391008322,22
497,72,477,1301041,1
498,227,1083,45540118,1
499,227,901,3343506978,22
500,11,984,10263882708,9
501,12,2210,856256637236,44
502,105,428,4411828914,2
503,105,299,858111340,1
504,38,81,46869317917,2
505,477,915,163441215,2
506,23,68,6203958822,1
507,105,38,2022401383,2
508,189,12,763217,1
509,1906,984,318149169,1
510,0,858,1742145,1
511,79,227,5800000,1
512,2248,86,134998920,2
513,297,20,3375771339,11
514,150,2932,2232404157,1
515,38,58,41349269249,1
516,244,132,1832778100,1
517,105,85,6328241439,6
518,0,2230,297771708,10
519,374,1105,288368066,1
520,86,30,259820126,1
521,23,38,554625202,3
522,69,61,462060297158,34
523,0,21,1650985,4
524,386,3,222731,1
525,30,27,790171025,2
526,105,467,50468375917,71
527,2248,297,3888745949,39
528,23,2858,17191368,1
529,150,762,6445016368,3
530,2924,2,292494187,1
531,185,67,291143840,2
532,0,80,402148,1
533,59,188,2085688,1
534,364,188,1010837,1
535,30,788,3077013133,2
536,148,66,113810750503,8
537,268,12,3706664,3
538,450,1,2235037,1
539,296,839,48926825,1
540,120,12,80230000,1
541,20,894,1090535782,1
542,56,1431,1399736885,1
543,2248,627,33462729,1
544,252,12,70666117,1
545,5,2,63925479,6
546,30,2182,347004900,1
547,297,0,27878362498,81
548,12,23,77841512476,4
549,150,428,2232404157,1
550,839,901,12853002,2
551,11,2131,1025329906,1
552,478,919,5000731213,9
553,298,63,3510450980,1
554,984,564,220509591781,27
555,82,246,6879446,1
556,1439,12,4615378,2
557,11,835,239934683,1
558,244,665,19558000,1
559,984,675,571947889421,55
560,357,12,1691021,1
561,86,947,26032085,1
562,450,44,1094419,1
563,32,244,14177336,1
564,27,675,12118595,1
565,551,61,9764539916,2
566,1,44,1683715157,12
567,29,56,916832705,13
568,44,2,1235173968,13
569,2858,648,4146169,12
570,32,63,279428942,7
571,38,3097,16768056549,1
572,2582,1324,364932,1
573,374,44,161151010,2
574,44,113,1595940,1
575,11,648,46355221173,44
576,138,8,1049527697,1
577,75,73,691452949,3
578,662,839,4921461,1
579,444,2305,140060000,1
580,162,2187,2385420314,4
581,1993,2,694545530,3
582,82,8,352585673,1
583,106,984,15195912949,7
584,61,1,42002795512,6
585,138,434,11813837548,4
586,2248,79,104445247,3
587,2,24,23948136,1
588,2248,44,23572102,3
589,11,1877,1139367782,1
590,150,286,6445016368,3
591,582,901,96936266,8
592,2,1776,62184604,1
593,51,648,16692988,2
594,12,538,38920756238,2
595,2,1083,244160313,3
596,1439,2248,18461512,8
597,1,1285,10535042,1
598,8,1776,35993309,1
599,469,2246,610790,1
600,21,59,5475468,1
601,64,2224,1016296087,4
602,1976,905,350124207,1
603,374,874,49883151,1
604,116,0,1039655864,5
605,37,278,21000692,1
606,2985,374,17611461,4
607,30,1288,956640726,1
608,30,73,1523172368,2
609,152,27,4374444,1
610,449,2210,886720,1
611,105,662,138723849,1
612,79,38,259609145,1
613,1,376,415833409,1
614,150,20,1547241024,1
615,2248,778,785193651,2
616,2204,33,16026944996,12
617,1,66,115599120,1
618,1510,2305,867057923,1
619,23,56,753595408,23
620,660,297,879431,1
621,287,2210,5309543,1
622,56,2897,101528307530,1
623,701,2,74259800,2
624,374,2962,252339733,1
625,64,239,1970116678,1
626,148,276,23866963629,1
627,425,1644,5525194,1
628,16,911,28704920123,6
629,32,38,61883394,1
630,38,148,1350072377876,82
631,105,464,507928184,1
632,66,99,2093193120,1
633,51,984,480460440,8
634,915,19,1064047060,1
635,2924,2305,2436115746,2
636,54,0,54030146,1
637,46,2210,31623434,1
638,23,1457,9999800000,1
639,56,24,133736831124,2
640,10,376,14706080,1
641,1628,511,3803740,38
642,12,273,19460378119,1
643,74,56,258474527,6
644,74,984,798635199,7
645,298,38,1093104523,1
646,374,310,524695643,1
647,244,27,1863610817,5
648,0,415,2337646,1
649,63,86,4505016,1
650,374,110,50631971,1
651,30,4,71637669,1
652,46,152,586094635,18
653,2,78,49096458,2
654,185,1732,1099925200,1
655,150,30,14904722379,9
656,6,1635,672210417,1
657,138,81,12162614024,3
658,11,2215,2348859663,3
659,244,1083,14621386143,32
660,11,152,4677564849,5
661,162,2248,448023281,2
662,528,662,126256704,2
663,409,665,70187469,1
664,222,2246,282097144,2
665,56,3,108414701998,4
666,12,138,19460378119,1
667,268,376,3434713,2
668,191,66,1156504811,1
669,500,1714,7889527,1
670,340,467,935713364,14
671,276,196,124990000,1
672,778,148,580744013,2
673,20,719,36034801,1
674,56,1257,161609066898,4
675,1285,56,517939223,5
676,38,1603,142188484241,4
677,132,374,9327618130,12
678,22,301,151608473,1
679,2,1439,297000,2
680,984,78,14327742228,1
681,778,428,2964843777,15
682,14,984,730618,1
683,430,856,175024239,2
684,222,2228,174413868,1
685,54,1037,17926376,1
686,662,2131,1226100,1
687,6,2305,3361052085,5
688,984,121,2300858276,2
689,313,297,1272669866,6
690,15,894,139624393,2
691,61,778,443633725642,38
692,61,38,5026221719,1
693,2,2132,330000,1
694,2,2230,46414874,1
695,222,2185,43354652,1
696,30,2276,63051039,1
697,67,455,102927058,1
698,450,12,23267165,1
699,296,2,204394012,2
700,984,60,799788371,1
701,984,467,524719311283,42
702,376,1035,600000000,2
703,984,426,11137052265,1
704,30,2230,11531163583,5
705,89,1257,9239721479,1
706,364,1,160344158,1
707,1061,152,2998072311,1
708,33,675,1000,1
709,12,2805,19460378119,1
710,121,984,1893804007,10
711,6,82,672210417,1
712,108,2210,49375096,2
713,63,1440,1586303883,16
714,5,2224,3951066,2
715,56,25,10403186747,1
716,312,188,3645161,1
717,390,778,16285210071,5
718,1401,20,224126,1
719,56,2,3757146318025,109
720,1401,1,62941,1
721,342,152,767496661,3
722,984,1776,163344256144,11
723,1233,376,20000152,1
724,64,458,307040449,1
725,2267,56,325068490,9
726,185,61,28898822846,29
727,56,67,1567231094152,43
728,396,1478,31354166,1
729,619,2,380987,1
730,778,2210,695443368,2
731,984,66,234684494795,16
732,8,984,15177205,2
733,61,2847,23387259616,3
734,342,0,3748204,1
735,61,27,14676704737,1
736,286,105,94583387,1
737,56,272,17340143026,1
738,493,665,7806004,1
739,124,56,599931974,1
740,915,1523,1095727264,1
741,44,901,19792734,3
742,0,59,53853177,2
743,140,38,3194120683,2
744,1061,0,156494164949,46
745,856,984,2782780816,61
746,185,675,5018438135,13
747,38,244,468068535816,14
748,56,47,56105866742,2
749,1233,455,70651387,1
750,82,984,1120038481,3
751,837,2,264972566,1
752,64,32,1850391322,5
753,134,984,14276127,1
754,44,467,1597337482,4
755,27,1061,161491156,3
756,2,762,43994100,2
757,38,1281,89329942601,5
758,59,839,1863069,1
759,66,2,61722618719,8
760,105,1263,1727889918,1
761,6,778,1344420834,2
762,16,2210,69924425,2
763,56,2733,11644913410,1
764,155,285,258873903,6
765,78,374,24791928,1
766,38,2248,104499459679,9
767,430,227,4245215,1
768,148,374,45096032378,9
769,38,428,128087538316,4
770,30,662,949095492,2
771,38,12,1819260,1
772,3004,2210,10073509,1
773,16,148,924707484,2
774,20,901,101234959741,1
775,106,2,12518333940,5
776,297,13,6048885,3
777,148,180,58657121233,2
778,126,12,3719659850,1
779,56,2962,69378306151,5
780,915,23,2521554183,2
781,79,66,3400414,1
782,185,20,1420207680,2
783,20,538,920811782,1
784,148,30,660641364902,58
785,67,8,1925502308,1
786,138,762,30311195468,12
787,12,909,19460378119,1
788,225,12,2495917,2
789,239,2248,39540170,4
790,140,56,30779762923,45
791,46,0,1022977448,32
792,2,27,32912653,1
793,856,901,202809267,3
794,113,467,500000,1
795,30,2248,19118608080,15
796,0,2182,1129298,2
797,17,923,64682862,1
798,105,1257,129056478,1
799,627,56,223655423,7
800,20,44,7829458935,3
801,434,2210,541486055,2
802,286,313,29414601,1
803,837,778,125677461,1
804,2,564,500259608,3
805,59,1,25002080,3
806,0,20,2683305191,44
807,1772,2186,679918280,1
808,92,928,2101019529,1
809,12,2479,38920756238,2
810,707,1377,82393835,1
811,225,286,11751612,1
812,56,893,276290990774,7
813,627,2185,6192634189,21
814,30,166,371333384,1
815,89,2230,10155898479,1
816,374,2196,199637398,1
817,126,1440,1333966208,1
818,63,581,2100019,1
819,105,581,11394216489,15
820,105,1397,2033347525,5
821,1061,148,76858290890,18
822,44,2187,3810539,1
823,1510,665,432363577,1
824,213,0,2886080,1
825,0,61,1408376,3
826,2248,126,32813031,1
827,150,1,4692595466,2
828,61,67,16902173997,6
829,1,38,3010469884,18
830,27,99,196297637,2
831,407,188,130394,1
832,56,1083,808646279179,20
833,1,411,39307703,1
834,61,16,8932787373,1
835,196,934,3095488,1
836,666,374,150645617,1
837,56,2248,2958681022196,106
838,86,2,365542070,2
839,984,915,1449444610016,157
840,0,901,49872299,4
841,56,1641,1620288218010,46
842,30,86,5909038145,3
843,984,884,890759596,1
844,0,67,50240135,8
845,1061,915,56704411501,6
846,148,788,48996072190,4
847,95,2210,1807554084,10
848,0,2210,35395488,13
849,56,13,24382411830,1
850,376,1288,8553098701,17
851,56,155,2238729558289,55
852,148,58,562089621418,74
853,94,56,74344612,1
854,81,32,1501480,1
855,2248,20,3644755185,8
856,0,56,29332111387,378
857,0,905,3499186,1
858,138,61,68774814566,19
859,30,59,1680425161,1
860,112,20,197951538,1
861,627,12,38282434,1
862,0,884,7619499,3
863,754,63,155071936,4
864,126,984,26651146856,11
865,12,2512,19460378119,1
866,64,0,4150966528,21
867,2533,2210,1212364287,3
868,1,246,94177833,1
869,38,430,1920145781305,106
870,32,12,185650182,3
871,520,894,746934,1
872,403,86,5476867,1
873,56,1714,286239866393,6
874,64,884,2456380329,5
875,32,2248,1185138,2
876,105,94,750378172,1
877,148,648,35428121247,7
878,11,158,2331094236,2
879,5,1440,235920097,1
880,662,665,13064303,2
881,12,272,19460378119,1
882,2251,2,7445122,1
883,148,44,27421693095,6
884,44,38,63420560,1
885,140,2210,952340685,2
886,298,25,9552029899,5
887,2131,2210,1286157032,5
888,138,24,26501737226,9
889,56,148,12653125888874,315
890,105,984,2205914457,1
891,30,67,1177929924,4
892,227,478,413167604,5
893,866,388,292597794,1
894,105,2727,2205914457,1
895,73,58,3539457,1
896,244,2230,336762186,2
897,227,67,2708805753,7
898,132,29,3326870,1
899,2,32,668120033,2
900,12,512,19460378119,1
901,2510,105,8342217,1
902,1105,57,9788485,1
903,694,1644,26041790,1
904,56,778,7408253117026,210
905,12,123,19460378119,1
906,38,901,89673683096,5
907,273,20,48685230,1
908,148,152,5503610905,1
909,0,304,1553724,1
910,1993,148,10192435,1
911,138,132,23359214267,1
912,1439,1397,11538445,5
913,86,56,2689242089,44
914,30,1,7750715769,6
915,58,984,20988164549,9
916,1,915,722479453,8
917,749,984,4749187100,5
918,1,467,6157085837,5
919,984,1466,131697207,1
920,56,63,589088131470,21
921,56,185,1485600547261,45
922,244,8,4733328940,1
923,2,839,303146952,5
924,38,23,321215707340,7
925,33,2305,100058696,1
926,105,38,507928184,1
927,12,648,2860910,1
928,719,1397,6000130,1
929,23,297,24773444,1
930,2248,105,60521273,2
931,20,2185,7863501268,7
932,1,2248,31964444754,106
933,64,73,176657242,1
934,644,711,31231942,1
935,56,2291,6959998653,1
936,0,458,25419375,1
937,2248,2288,53101552,1
938,23,99,873520253,7
939,24,2210,93776308,1
940,150,82,2232404157,1
941,528,2187,153206769,1
942,387,66,17709914570,1
943,12,30,155683024952,8
944,23,2248,57843235,2
945,175,984,35738613,1
946,44,2215,4029669,1
947,1788,675,952290552,1
948,11,162,610049289,1
949,69,222,155357315432,11
950,534,467,169718703,1
951,56,4,104405645037,2
952,638,1478,1338315,1
953,145,1257,11000486,1
954,56,302,13518418107,1
955,984,1603,20371318053,4
956,38,56,5598969087458,324
957,56,1214,14936159684,1
958,1439,268,2307689,1
959,86,0,109798364,3
960,152,662,16435823,1
961,44,1510,20065505712,3
962,252,79,20770735,1
963,89,27,112984206571,6
964,856,44,104426915,7
965,1445,2183,15452374,1
966,915,1257,732076256,1
967,105,663,1265042625,1
968,95,185,70363922,1
969,74,30,17562693,1
970,0,244,5690420,1
971,30,272,648221259,1
972,73,106,3621404,2
973,86,467,19862754,1
974,837,2204,533238339,1
975,85,2913,17920572,1
976,56,2288,44652663647,1
977,175,12,66289847,1
978,56,244,3227907414761,103
979,19,2210,49999932200,1
980,20,937,911972147,1
981,8,374,2798708,2
982,1,297,3054568013,13
983,20,907,286162644,1
984,297,984,7141422233,30
985,64,44,1771899857,8
986,2924,915,99964020,1
987,984,380,5070885370,1
988,27,148,2263826874,11
989,227,984,11586188661,60
990,364,464,163885519,1
991,64,2248,2433416285,6
992,56,86,2217290832981,71
993,374,901,1568378218,8
994,984,21,74330980005,6
995,23,467,176920147,1
996,1510,564,867057923,1
997,442,20,71108424,2
998,893,984,2902138787,6
999,298,38,2817303601,1
1000,1122,894,23721751,1
1001,38,66,16456413824,1
1002,30,2,9332823470,5
1003,46,1143,31623434,1
1004,56,2363,238963941841,11
1005,152,2248,18082986,2
1006,30,38,9296473437,7
1007,2,23,9464,1
1008,66,2363,15402512490,11
1009,152,67,4374444,1
1010,132,23,1510620749,1
1011,778,0,15356342,2
1012,185,244,2173348498,5
1013,59,2248,5770106,1
1014,2248,27,146390506,3
1015,1257,172,41417454128,193
1016,1,73,9240341946,25
1017,1628,648,2730,1
1018,2,2962,45646278,2
1019,1439,2185,2307689,1
1020,56,1,2394462466916,78
1021,105,244,903617696,1
1022,12,564,58381134357,3
1023,121,38,434273226,2
1024,227,2182,88155889,1
1025,44,1061,6408790,1
1026,2,919,21698195,1
1027,1051,884,364947000,1
1028,340,376,640251576,21
1029,152,2230,16508616,5
1030,148,2314,842602471,1
1031,374,984,4192823341,26
1032,183,788,78931575,1
1033,86,376,2009623,1
1034,2440,121,38182245,2
1035,24,185,705387006,1
1036,56,2027,184880787681,6
1037,27,856,28995736,1
1038,2,246,2945801629,11
1039,295,2210,8668398,1
1040,56,468,211865626667,5
1041,148,56,1870271944168,200
1042,915,38,30645005269,15
1043,581,12,5720192,1
1044,56,1810,124124772377,2
1045,253,984,31574595,2
1046,1,268,1050980006,3
1047,44,23,1103914,1
1048,3,188,373769,1
1049,12,2399,19460378119,1
1050,12,636,19460378119,1
1051,66,2356,13585904286,1
1052,150,1397,5965019428,3
1053,23,2289,359488016,1
1054,13,81,729880,1
1055,63,302,1108952,1
1056,939,2215,3663423,1
1057,23,16,3168320,1
1058,340,296,11696418,2
1059,293,2323,69799411130,1
1060,581,662,5580540,2
1061,656,1119,2539718,1
1062,1,788,4757473972,20
1063,4,923,7172728,1
1064,878,12,20032494,1
1065,984,1510,68714386662,4
1066,181,12,1404885,2
1067,984,489,7102723695,2
1068,116,268,95772022,1
1069,102,56,2688836,2
1070,2,106,182819156,4
1071,227,778,140260546,1
1072,215,81,10604889,2
1073,0,428,78282545,2
1074,32,2187,1100935,1
1075,56,44,9370356886951,283
1076,1051,492,364947000,1
1077,1,978,314287068,1
1078,225,227,1305317,1
1079,23,177,1359873,1
1080,56,174,55559616962,2
1081,428,1214,584423393,3
1082,195,891,36819608,1
1083,293,1732,69799411130,1
1084,1160,984,91654391,2
1085,0,121,212139,1
1086,1679,56,999700802,1
1087,105,538,3374723841,3
1088,1002,395,549988700,1
1089,843,38,292674040,3
1090,2,2230,276446960,12
1091,72,1004,7218509,1
1092,1903,648,6880675,1
1093,662,73,5902999,2
1094,2253,2194,1792581,1
1095,1439,0,23076890,10
1096,132,99,104020504964,52
1097,707,0,67672162,1
1098,64,2230,412899746,1
1099,44,67,413229813,7
1100,64,464,968009413,2
1101,101,984,123333041,8
1102,152,2210,5204244,2
1103,85,56,194152978,3
1104,387,8,19547070000,1
1105,374,2246,7308077880,19
1106,56,1061,3938033242428,92
1107,2510,550,2022536,1
1108,1061,258,6693649195,2
1109,749,81,809954320,1
1110,298,86,8930160531,4
1111,93,565,6174490,1
1112,2248,839,121482352,7
1113,155,340,1803764579,50
1114,1611,984,341207279,6
1115,38,957,171924452332,6
1116,103,638,1206924,1
1117,44,286,28604985,3
1118,182,984,174410855411,12
1119,89,2185,17106477566,1
1120,13,5,11521819,3
1121,46,268,66739129,2
1122,89,132,110477803010,7
1123,76,56,114303296,1
1124,0,85,4912139,1
1125,1772,1635,329918280,1
1126,46,2363,76806352,3
1127,56,1874,23897505941,1
1128,150,1061,3094482048,2
1129,32,555,56257766,1
1130,17,2246,14837624,1
1131,123,1641,30957987,2
1132,459,984,2353109500,2
1133,915,894,43527913172,18
1134,2,1083,515487844,14
1135,866,56,4236515893,4
1136,653,823,22701622,1
1137,984,180,1999556100,1
1138,551,1603,4882269958,1
1139,286,63,617714642,3
1140,984,633,22687290028,1
1141,138,148,17700921657,6
1142,56,943,82903069880,3
1143,6,132,2343782591,5
1144,2248,648,46827052,2
1145,627,675,14497094,1
1146,59,467,2137568,1
1147,915,61,20308704252,10
1148,105,1233,833816902,1
1149,89,105,10305637260,1
1150,85,984,45711245,4
1151,866,374,17646776529,8
1152,66,662,14411069695,2
1153,2,2186,20404022,1
1154,63,0,17892270,10
1155,213,0,1944350,1
1156,2,253,1600000,1
1157,4,56,22668955,2
1158,66,244,93996121701,64
1159,915,32,1290591319,1
1160,106,1,2503666788,1
1161,432,2,15150095,1
1162,374,919,342783983523,1714
1163,896,1397,4642050,1
1164,162,1478,7973014,1
1165,138,2305,22620717450,8
1166,23,244,2299720000,1
1167,778,1061,2908166626,5
1168,76,2183,262995655,1
1169,2,915,1304268368,4
1170,63,38,5068117,1
1171,1510,152,867057923,1
1172,105,1061,1727889918,1
1173,11,675,1323368026,1
1174,387,469,22131224570,2
1175,425,2224,5525194,1
1176,374,900,1352697406,4
1177,693,56,27056944100,3
1178,754,56,178727209,1
1179,247,25,1722937,1
1180,196,374,18261899,1
1181,1,501,2549745,2
1182,428,1,1013888356,1
1183,38,1706,31237082317,1
1184,64,106,248492561,2
1185,374,483,62093026,1
1186,76,894,133626558,1
1187,2248,23,218592335,4
1188,152,29,3073521,3
1189,62,2210,13290822,1
1190,67,148,220702022,4
1191,81,38,4415177,1
1192,2,296,281484710,3
1193,0,44,162953355,8
1194,30,44,305106328,1
1195,11,145,1259979440,1
1196,155,276,8404812,1
1197,11,75,1196269075,1
1198,29,225,1202623,1
1199,833,376,17841455,1
1200,29,374,4162600,1
1201,0,302,1798542,1
1202,984,1830,11351957979,1
1203,856,2215,3805720,1
1204,0,82,787485,2
1205,984,839,47736047744,6
1206,489,2224,206580121,1
1207,1061,2204,912547886,1
1208,1,0,64715011128,230
1209,27,1083,15945539,2
1210,278,984,569964892,2
1211,67,23,57965966,4
1212,839,376,1113624,1
1213,13,467,5542169,1
1214,150,2248,9744678294,5
1215,860,0,447035,1
1216,82,1397,172434983,2
1217,148,675,218735106848,22
1218,551,222,165997178572,34
1219,12,2510,19460378119,1
1220,6,1466,672210417,1
1221,38,894,92466311752,3
1222,749,38,1069755920,1
1223,140,2132,1100352603,1
1224,2,957,46371382,1
1225,16,66,4498054392,7
1226,56,2180,292316644807,6
1227,12,73,58383501694,4
1228,374,1073,499771575,1
1229,56,2,6710233131519,191
1230,169,984,550130664,3
1231,152,1083,25117265,3
1232,27,140,145934072,3
1233,452,9,877904101,1
1234,866,197,6696810190,2
1235,2248,2246,27457228,1
1236,27,1257,181747129,1
1237,147,2356,185966224,1
1238,162,105,6260144,1
1239,38,648,32845474485,3
1240,0,2246,6831869,1
1241,1628,23,2730,1
1242,778,239,244516895,11
1243,2289,148,293938617,2
1244,297,915,3360758541,4
1245,20,648,889167314,1
1246,534,2,169718703,1
1247,61,86,28134102279,3
1248,150,86,1547241024,1
1249,1788,148,666577067,1
1250,11,29,5079618041,4
1251,73,512,1450971,1
1252,148,38,28115516495,2
1253,430,884,15930913,1
1254,984,468,18698547445,2
1255,1,61,1546214456,2
1256,358,97,2137096,1
1257,2,1714,210085712,1
1258,0,188,29402815,30
1259,984,158,4453554623,1
1260,152,1466,8385990,3
1261,750,20,1199840500,1
1262,162,856,468165388,2
1263,44,2186,40850044,1
1264,56,2839,86799440793,2
1265,796,188,19399534,2
1266,116,38,97633737,1
1267,56,637,34659582135,1
1268,124,984,599931974,1
1269,75,467,289358314,1
1270,2,1993,59117172,1
1271,112,884,12968068,1
1272,1102,99,922710729,5
1273,856,63,2691583,1
1274,105,915,4138557806,3
1275,43,376,272121228,1
1276,56,56,2301344950,2
1277,1510,23,856859295,1
1278,56,56,971690692844,17
1279,20,455,909342199,1
1280,38,594,755893142,1
1281,138,1603,6838541634,2
1282,64,2194,135801313,1
1283,428,778,1753291426,7
1284,534,1,333990540,2
1285,56,23,539498551585,16
1286,1,743,2342146,1
1287,5,0,51020422,1
1288,38,99,1333060738623,55
1289,25,12,2065107,2
1290,95,20,44253745,1
1291,278,3,355932980,2
1292,32,145,56044615,1
1293,180,444,31231650999,9
1294,923,467,60947104,1
1295,64,58,230781593,1
1296,627,61,566083915,2
1297,63,894,3721886,1
1298,24,244,9900000,1
1299,67,244,10962822,1
1300,38,175,6666440084,1
1301,32,2288,4258332,1
1302,450,105,47495799,1
1303,23,67,411101425,2
1304,551,132,102527669118,21
1305,338,188,3155467,1
1306,13,2,14102069,3
1307,140,0,65825826,1
1308,1981,20,43116109,3
1309,5,984,290561423,6
1310,66,1397,301365657939,27
1311,95,374,51762391,1
1312,2,2210,951945217,4
1313,1,113,391357043,3
1314,0,2215,2321590,2
1315,148,1281,17599149263,1
1316,1033,984,3851750000,1
1317,23,984,3677583956,21
1318,222,132,579097773,3
1319,56,984,58627481647880,1664
1320,749,2,809954320,1
1321,61,1,3145108909,1
1322,79,38,307955737,3
1323,1,627,4311941382,17
1324,152,839,77992816,4
1325,30,627,671962892,3
1326,12,860,19460378119,1
1327,2248,99,8229837642,9
1328,984,478,71230184393,6
1329,116,2230,92563725,1
1330,749,2210,1419633880,2
1331,2267,63,680873561,1
1332,984,434,55199179522,9
1333,46,2230,66739129,2
1334,150,512,1263026451,1
1335,56,376,1028360902308,33
1336,2858,675,287368,1
1337,434,38,30671794,2
1338,4,44,101631069,2
1339,69,2,28246784624,2
1340,56,8,19701946155,2
1341,148,839,19673760107,1
1342,856,56,1527630867,37
1343,1,2186,7901481306,52
1344,1233,20,9630317,1
1345,1,821,94062412,2
1346,148,2363,34581177882,1
1347,1,662,2779834324,10
1348,38,56,1676783368,1
1349,374,370,83192115,2
1350,434,915,132088872,1
1351,296,3065,184317495,1
1352,56,188,156842637217,7
1353,30,2,10423543837,7
1354,1,1439,183139556,2
1355,984,23,23628880302,4
1356,2897,2186,20855867,1
1357,30,44,3023403175,3
1358,62,675,38775700,1
1359,82,2187,22898207,1
1360,466,188,1681368,1
1361,115,25,13394350,1
1362,16,2,11699807772,21
1363,866,1,166053748,1
1364,1085,2,10087785888,1
1365,511,1628,101010,37
1366,6,0,69183949740,112
1367,984,12,159290201412,18
1368,534,1397,169718703,1
1369,2289,2210,74898834,1
1370,0,113,3332981,8
1371,374,11,114339994,1
1372,193,0,13007218,1
1373,1472,56,637319781686,7
1374,73,38,9601521,3
1375,132,61,26710317026,20
1376,434,332,10760608,1
1377,106,95,173912221,1
1378,418,0,45942476,1
1379,66,86,17331201852,3
1380,86,81,3766624,1
1381,25,2248,96000000,1
1382,21,467,249920787,1
1383,450,374,34335214,1
1384,298,148,10634760832,5
1385,6,2210,17477470842,26
1386,32,95,15912141,1
1387,694,665,8185540,1
1388,258,152,151657762,1
1389,150,56,32627865970,19
1390,1981,907,2743381,1
1391,2,2942,127328835,1
1392,0,1257,936344,2
1393,38,1257,32639356373,2
1394,2184,2224,3160637,2
1395,175,148,820968567,2
1396,225,2186,1452801,1
1397,374,61,136265076,1
1398,984,1906,27188125489,2
1399,6,2,6885679840,11
1400,29,66,3635440,1
1401,79,67,342717365,2
1402,20,2305,5620281712,4
1403,2733,984,12184682,1
1404,374,1644,156547730481,832
1405,33,132,2543784348,1
1406,3,56,319710428,1
1407,1472,2305,91045683098,1
1408,222,915,1175372689,2
1409,6,512,672210417,1
1410,155,888,18581103,1
1411,503,56,479174039,1
1412,1472,66,91045683098,1
1413,148,155,1738105813,1
1414,0,2248,59167515,13
1415,30,2230,1516961510,4
1416,856,38,29937000,1
1417,893,772,2002513437,2
1418,984,856,1338312768126,104
1419,215,20,52137720,1
1420,62,38,47800000,1
1421,79,148,832453857,5
1422,75,1478,896716731,3
1423,30,188,162155109,1
1424,11,323,1987396170,3
1425,468,901,142661424,1
1426,478,56,13109553,2
1427,152,984,1831262933,41
1428,760,1906,21141640,1
1429,73,2,2562305,2
1430,13,675,4682651,2
1431,1363,984,33113460,1
1432,23,915,99920149,1
1433,105,2,23485355968,28
1434,30,896,92303444,1
1435,2074,464,90737918,1
1436,2,103,24167228,1
1437,105,2965,1275639329,1
1438,20,132,25306997188,1
1439,6,2186,672210417,1
1440,290,23,377821596,1
1441,79,374,214785696,2
1442,51,1083,109789068,1
1443,612,2,155546290,1
1444,56,23,779516367118,21
1445,6,762,672210417,1
1446,105,1776,2989591804,3
1447,63,12,9541563,3
1448,298,1,28614453915,13
1449,1976,374,396337567,2
1450,20,73,1152992529,1
1451,227,2187,36633173,1
1452,1906,191,101489573,1
1453,1,185,5660346,1
1454,225,56,191860972,11
1455,61,665,10544818182,1
1456,984,1440,170677666985,11
1457,69,2,6850375577,1
1458,636,984,13150260,1
1459,2248,2233,27457228,1
1460,939,464,2864818,3
1461,66,936,2538518,1
1462,478,148,11647677,1
1463,569,148,53002749,1
1464,1,907,821102603,8
1465,915,662,18326623984,11
1466,79,665,2438333752,2
1467,984,370,9595391860,1
1468,1285,2913,18514601,1
1469,168,2210,9999801301,1
1470,366,148,12239789,1
1471,140,1478,2077966527,1
1472,222,778,2402018493,6
1473,11,2093,11086452,1
1474,0,2,26476731,4
1475,1810,1083,14059806,1
1476,298,12,3802342284,3
1477,21,2248,1083778,1
1478,59,1061,202681564,1
1479,1510,2210,864727154,2
1480,44,1540,74050053,1
1481,74,2,2202143,1
1482,169,665,6792932,3
1483,12,152,330826428023,17
1484,374,188,7531341787,37
1485,856,2210,33008823,3
1486,856,5,3948301,1
1487,944,185,9341012,24
1488,984,8,36250980250,1
1489,1,923,356620017,4
1490,510,1440,1528049,1
1491,534,86,166995270,1
1492,58,99,72519295,1
1493,105,788,1523784552,3
1494,73,1,3918771,3
1495,155,12,28937536,1
1496,244,38,1596413790,3
1497,476,374,866820,1
1498,132,2824,529849596,1
1499,20,2289,1499602579,1
1500,866,3037,4796925380,2
1501,196,56,2577499,1
1502,89,1265,167989260,1
1503,581,56,1533982374,8
1504,155,25,375342165,7
1505,567,188,2420607,1
1506,600,163,16727326,1
1507,69,1603,112987138496,8
1508,1061,2276,5069950655,5
1509,244,902,3605198029,16
1510,376,894,684011937,23
1511,116,2363,118172265,2
1512,148,12,21655095743,5
1513,113,79,9953858,1
1514,2248,2913,118274771,1
1515,56,323,285057165807,8
1516,0,342,3822612,2
1517,324,304,7355328,1
1518,148,1440,23039843300,1
1519,0,38,709806928,20
1520,11,2185,2295562135,2
1521,984,2305,811469461874,64
1522,105,44,38304004744,54
1523,374,1193,175372807,3
1524,11,1906,1406671883,1
1525,2248,323,31194876,1
1526,76,788,117885614,1
1527,253,901,1504416,1
1528,2185,23,1540877347,2
1529,79,648,1619926,1
1530,1092,1644,1695665,2
1531,185,634,399909600,1
1532,0,196,2933747,3
1533,665,222,8923388711,5
1534,374,1010,72238039,1
1535,81,0,1500011,1
1536,32,426,1773216,1
1537,2381,2248,632180380,1
1538,12,56,1012416964051,55
1539,278,467,72391994,1
1540,581,44,1100014,1
1541,2,58,25735804,1
1542,2,29,209419486,2
1543,86,44,1603648991,23
1544,30,13,460535191,1
1545,12,1,97301890595,5
1546,150,148,10704220810,7
1547,62,38,192855643,3
1548,374,343,31341993,1
1549,152,1,199210,1
1550,140,2356,1415652567,6
1551,152,856,15506395,2
1552,162,1,907423685,4
1553,38,121,6477855040,1
1554,15,1714,870033637,2
1555,296,340,346197009,4
1556,61,2305,103134759601,9
1557,374,2,732896893,10
1558,439,984,456603144,1
1559,677,1,81554017,1
1560,2050,1714,34043561,2
1561,915,1478,1434265592,2
1562,1510,2517,867057923,1
1563,67,662,2188980,1
1564,30,2210,13834222423,7
1565,0,182,10276216518,3
1566,66,2210,12733422676,4
1567,38,188,33713212460,7
1568,12,120,15521808,1
1569,3084,2210,101995167,1
1570,82,2,595640987,3
1571,63,145,1605500,1
1572,54,113,127996696,4
1573,493,984,203347819,1
1574,44,779,5053040,1
1575,426,984,89679443,5
1576,5,662,2371891,1
1577,915,778,99595798807,42
1578,86,105,356350715,15
1579,2,38,1730742623,15
1580,2,2248,1239840292,10
1581,11,581,4002038526,3
1582,28,374,55570359,1
1583,1061,2913,7042047546,1
1584,1322,2194,127470000,1
1585,238,0,43888617,2
1586,469,188,3714347,2
1587,268,662,3608803,2
1588,1772,1,35960014,1
1589,2,1772,93549432,1
1590,44,662,32613331,5
1591,285,340,8604845,1
1592,1149,67,70952690,3
1593,1628,2248,2700,1
1594,82,915,918020586,3
1595,286,1644,117967998,2
1596,33,778,263051776,1
1597,105,61,1752668473,1
1598,21,188,2039522,1
1599,38,1620,214584874583,2
1600,148,253,3519395536,1
1601,984,268,69159892298,4
1602,64,29,2692633532,4
1603,984,61,213070992883,17
1604,30,648,1168844877,1
1605,6,56,65659321985,106
1606,244,856,999854800,1
1607,89,23,46800873820,4
1608,19,27,28018617,1
1609,152,273,5930000,1
1610,839,2305,61876314,2
1611,147,188,604336,1
1612,293,38,69799411130,1
1613,11,121,1184505910,2
1614,105,1641,68431687,1
1615,915,1,14748213816,11
1616,38,1635,11816326626,1
1617,237,56,65542867,1
1618,23,244,99870843,1
1619,38,1119,76026699333,2
1620,32,662,118676041,2
1621,56,158,122925609827,3
1622,67,915,59919110,3
1623,2,304,65759921,1
1624,2,923,509739135,6
1625,148,112,529058152153,47
1626,89,166,16575355516,4
1627,59,1083,534141200,2
1628,919,1440,17907753,1
1629,1008,2224,19858603,1
1630,321,0,4574622667,3
1631,23,1440,17063432,1
1632,707,1,74153277,1
1633,12,2185,38920756238,2
1634,21,76,1614760,1
1635,12,2231,2218483105566,114
1636,67,60,5162053,1
1637,11,538,9625653,1
1638,653,32,6911394,1
1639,190,1644,5389416,1
1640,912,984,4000114,2
1641,1027,3055,630180,1
1642,0,23,912139,1
1643,494,188,1542395,1
1644,132,2305,11665075169,10
1645,140,23,50538480,1
1646,38,796,65604485529,3
1647,12,268,19460378119,1
1648,503,984,533585936,1
1649,403,455,11196348,1
1650,1772,2,63075966,1
1651,2,73,62184604,1
1652,268,467,1347878,1
1653,2230,30,93625357144,27
1654,1,2356,300130308,4
1655,148,1288,3154972,1
1656,132,778,38362834658,22
1657,150,581,5825714828,4
1658,984,2897,14552128727,3
1659,158,984,33221456,2
1660,12,1298,19460378119,1
1661,56,79,20501854771,1
1662,839,581,1063586,1
1663,67,1641,3285985150,3
1664,1,1,2896357245,29
1665,32,21,59274943,5
1666,12,467,272474646589,16
1667,185,145,3517712,1
1668,56,2942,60747409444,1
1669,61,2246,4814179845,2
1670,105,56,169376884224,205
1671,2,297,1424275847,3
1672,1422,984,1286084,2
1673,298,2187,5832821566,5
1674,16,762,186804143,1
1675,12,121,19460378119,1
1676,38,564,38991760909,3
1677,63,856,90001832,2
1678,988,915,899944560,1
1679,387,148,34509609140,3
1680,154,286,1311338870,1
1681,2,99,5850215839,29
1682,73,23,2629819,1
1683,105,152,6749906453,9
1684,56,1603,482267736686,10
1685,444,2972,15681000,1
1686,30,8,8111904643,1
1687,2267,44,50000,1
1688,297,1083,23105920,3
1689,32,884,587892,1
1690,56,2215,528960010310,16
1691,33,627,29999946000,1
1692,112,984,99945501,1
1693,297,1641,2745945325,5
1694,984,152,277982955596,21
1695,2,61,471999349,2
1696,73,0,3948259,3
1697,162,2305,688196312,2
1698,1472,915,91045683098,1
1699,984,1981,162084417678,2
1700,20,856,718172442,2
1701,176,2210,11400000,1
1702,984,54,53973857884,5
1703,984,2233,17514853672,2
1704,662,63,50942265,1
1705,142,148,33585491,1
1706,11,14,5215605,1
1707,387,2186,17404774570,1
1708,2,302,210412666,2
1709,148,794,32307172049,1
1710,11,82,4979721468,4
1711,383,21,12361688,1
1712,0,2267,635388,2
1713,225,2027,11169933,1
1714,244,2305,15694049682,14
1715,138,856,22282172501,8
1716,296,1035,59840876,1
1717,2248,984,2182152452,56
1718,69,850,28246784624,2
1719,810,188,664638,2
1720,74,2,58634483,2
1721,1,839,114784396,3
1722,79,662,1221250,1
1723,2248,1641,576239284,15
1724,132,2210,2224347473,2
1725,662,1776,9281006,2
1726,126,839,2025300903,1
1727,64,564,866736664,3
1728,296,38,408193114,2
1729,86,148,154151498,5
1730,795,0,1553683076,22
1731,148,434,59981272009,2
1732,376,1285,447538898,1
1733,23,374,1100000,1
1734,44,20,204633367,6
1735,148,930,7763393414,1
1736,148,185,476681842289,56
1737,2,5,473686183,2
1738,56,2289,221000220897,7
1739,113,1776,3794046,1
1740,44,105,53437312,9
1741,428,99,347777575,4
1742,984,374,107228772303,9
1743,162,467,27962776,1
1744,297,152,65679892,1
1745,44,54,10929628,1
1746,82,188,2457400,1
1747,244,2187,17546683,4
1748,489,2210,62839295,1
1749,12,2305,97301890595,5
1750,44,340,109930250,1
1751,38,939,35100106651,1
1752,1510,56,5263766157,10
1753,374,0,6022591063,20
1754,75,0,667474374,1
1755,56,538,2177060428661,50
1756,568,593,41000000,1
1757,113,56,7349991,3
1758,64,5,201032682,1
1759,27,86,507644447,2
1760,169,99,3936605,1
1761,915,44,3474202222,2
1762,856,675,4074559,1
1763,12,155,304492736,1
1764,1,166,284367883,2
1765,227,665,1029833756,3
1766,11,1466,2592529966,2
1767,64,555,27828722,1
1768,82,20,4489862,1
1769,56,81,266040718346,5
1770,1510,0,5801686582,8
1771,2,81,803845716,13
1772,6,984,27218668054,43
1773,86,788,273822105,2
1774,2428,188,1937497,1
1775,297,662,1954470302,4
1776,2,2185,22387049,1
1777,105,101,536197447,2
1778,253,61,154473500,1
1779,11,268,5265313399,5
1780,89,1061,16914645796,2
1781,644,813,22124424,1
1782,455,984,199738103,3
1783,30,1,8450928266,12
1784,158,56,268652411,2
1785,478,984,23760733,1
1786,936,984,1320386540,3
1787,1233,56,8275180,1
1788,20,2200,274028448,88
1789,856,1061,69224552,2
1790,450,56,35304780,3
1791,61,564,92213841643,10
1792,915,272,6550137823,2
1793,23,132,200552989,1
1794,51,2210,69054139,3
1795,662,54,1447345,1
1796,662,102,1616377,1
1797,227,20,141313894,2
1798,984,16,81432073247,11
1799,455,2131,2992615168,4
1800,697,103,16086380,1
1801,56,544,29809092567,1
1802,56,396,67305536833,1
1803,64,1440,1190129058,2
1804,374,213,191940337,1
1805,266,188,139063,1
1806,11,2230,1007820289,2
1807,227,467,816103616,2
1808,979,665,55129474,1
1809,1,331,8663840,1
1810,175,67,163783408,1
1811,779,984,741458406,2
1812,148,2183,1991535262,3
1813,1061,374,23387635451,9
1814,11,374,1159131160,1
1815,126,652,3942020500,1
1816,46,901,29371551,1
1817,374,188,115288523,1
1818,227,86,1210963208,15
1819,152,38,9361319,1
1820,6,67,672210417,1
1821,150,374,6445016368,3
1822,150,1457,2232404157,1
1823,2,2248,573522270,1
1824,150,105,11036371618,5
1825,89,984,397927302124,25
1826,38,105,33570840769,4
1827,1942,44,2083566,1
1828,30,467,6010903803,7
1829,225,778,1972657,1
1830,105,3,356610314,1
1831,61,44,8045374761,1
1832,528,27,143937769,1
1833,2289,788,24909549,1
1834,56,1281,148094371887,3
1835,38,30,20642508962,2
1836,297,374,782303822,10
1837,779,29,10603840,1
1838,138,2187,5555663005,2
1839,132,20,8550361842,2
1840,64,2288,289136571,2
1841,450,2210,14145832,1
1842,411,23,12800034,1
1843,134,905,5991401,1
1844,2267,20,50000,1
1845,13,665,15701047,2
1846,2,2363,950216941,13
1847,434,662,1110136,1
1848,984,275,8633475538,1
1849,78,2187,437716947,1
1850,1510,1478,432363577,1
1851,2,20,1403113332,16
1852,387,2305,7536004570,1
1853,217,25,474519200,6
1854,225,66,124930174,2
1855,94,564,227730571,1
1856,30,152,679175533,1
1857,195,2224,14745123,2
1858,984,455,13407096902,2
1859,116,581,192627310,2
1860,51,915,60131581,1
1861,276,1061,45950004,2
1862,1061,675,27058012326,2
1863,81,2187,1536406,1
1864,74,286,149910827,1
1865,707,304,36694050,1
1866,56,1288,33621521913,1
1867,155,1083,11204188,1
1868,152,99,254940882,15
1869,148,468,23481716065,2
1870,984,3067,2514894935,1
1871,69,1281,28246784624,2
1872,56,581,236988433521,10
1873,56,915,8240426182079,273
1874,38,61,880115000224,30
1875,374,856,102686806,1
1876,155,113,48594213,1
1877,67,1397,16994615,1
1878,61,411,14676704737,1
1879,182,839,15862140184,2
1880,126,896,2453680770,1
1881,374,1440,2914846003,19
1882,409,169,132037579,2
1883,662,374,21443281,1
1884,708,2186,81937483,1
1885,490,376,174038179,6
1886,105,374,1343816485,2
1887,866,428,5083068270,3
1888,56,105,4099823200,2
1889,374,29,162122924,1
1890,837,0,9966100,1
1891,38,648,267001048,23
1892,12,1603,5779732301343,297
1893,116,901,253996723,3
1894,152,225,248546,1
1895,2,12,995526819,4
1896,64,665,73106288789,206
1897,59,63,86188659,10
1898,2,907,193000354,3
1899,984,627,4096261125,1
1900,64,164,59564634,1
1901,67,1440,59510786,1
1902,54,67,297177976,2
1903,244,86,1083953595,3
1904,151,148,60303329,2
1905,138,665,38605462941,13
1906,124,2210,1999860938,1
1907,113,95,307118,1
1908,779,376,599872068,1
1909,2248,2363,58858093,1
1910,30,788,422370847,2
1911,64,253,81157023,1
1912,6,30,672210417,1
1913,158,38,2175698093,21
1914,175,56,200413363,1
1915,839,662,8911026,3
1916,413,374,9066806,1
1917,54,2230,8636983,1
1918,11,140,5096187428,4
1919,822,23,20330793,1
1920,46,5,24591903,1
1921,150,850,1648481240,1
1922,115,2811,186152600,6
1923,298,20,35822731803,16
1924,56,126,386132147890,8
1925,432,984,30300190,2
1926,24,8,869600000,1
1927,627,227,19323512,1
1928,30,648,24074416863,16
1929,11,56,41826347267,38
1930,20,95,822630620,1
1931,12,297,19460378119,1
1932,376,2183,24333340,3
1933,1628,1101,8190,3
1934,32,839,800551,1
1935,27,2,101006628,1
1936,12,222,1929869648026,97
1937,27,56,4341290397,22
1938,140,148,4535146361,4
1939,6,1457,1344420834,2
1940,86,1457,141878896,1
1941,278,44,370935196,2
1942,612,56,383201016,2
1943,6,126,672210417,1
1944,172,99,9545428321,7
1945,2,778,6893326889,25
1946,23,778,7977011,1
1947,2858,1,261283,1
1948,56,227,1249645441515,37
1949,38,191,17173955568,1
1950,79,2210,268741061,2
1951,374,56,1908463003,13
1952,79,24,7205935351,1
1953,23,2231,12365106,1
1954,13,1,38001111,8
1955,222,376,592896136,1
1956,2289,2,502151473,2
1957,106,538,2503666788,1
1958,76,152,1391666,1
1959,27,61,24980500,1
1960,36,2224,1044228,1
1961,450,376,26881445,3
1962,1007,901,9485331,1
1963,63,2,34625275,6
1964,2248,374,151097951,1
1965,450,984,19817565,2
1966,700,66,4791834,1
1967,56,296,2204652737511,55
1968,33,732,1000,1
1969,984,225,103088999969,12
1970,126,1,15027951919,4
1971,1027,894,3929980,1
1972,12,1732,408667940499,21
1973,152,66,1844675641,5
1974,6,467,2852417338,5
1975,12,428,3152581255278,162
1976,158,0,26762179,1
1977,12,95,58381134357,3
1978,61,867,11775038876,2
1979,2248,1478,1148208731,10
1980,376,2,503123453,1
1981,148,2305,14810935328,4
1982,297,23,49404956,1
1983,374,113,539625481,3
1984,1,296,131786135,1
1985,858,915,2156638,1
1986,1,429,164150803,1
1987,172,56,632749585,3
1988,425,919,5525525,1
1989,4,2210,10668962,1
1990,374,148,149657107,2
1991,67,30,200971777,1
1992,225,2230,20299300,1
1993,244,1257,423578492,1
1994,984,113,337720535,1
1995,20,38,519820135191,27
1996,12,196,90274123,3
1997,126,56,62242174589,24
1998,206,2210,789759346,2
1999,187,12,108492755,1
2000,984,2276,112478007918,11
2001,32,2,21001350,1
2002,61,911,16969506677,1
2003,297,2305,5569180040,12
2004,38,286,39910964269,2
2005,1983,1776,9981655,1
2006,1,884,418703845,2
2007,222,984,1101030776,5
2008,23,984,11343561768,8
2009,222,16,574023766,2
2010,27,2363,52806018,1
2011,64,246,7717581129,20
2012,1004,304,2125391,1
2013,1472,1776,91045683098,1
2014,11,665,9428801030,10
2015,2191,95,106441,1
2016,86,38,91088034,3
2017,662,148,1655953,1
2018,105,594,507928184,1
2019,913,56,701102156,2
2020,2,409,57062583,1
2021,2,1,3542251479,80
2022,915,225,3252949005,1
2023,173,2246,11408764,1
2024,30,1083,390986596,1
2025,225,984,89445255,2
2026,984,432,631278107,1
2027,459,850,1323014700,1
2028,662,467,31759031,2
2029,225,1,4147829,1
2030,439,20,919829144,1
2031,89,564,6464513283,1
2032,2858,427,410015,1
2033,172,915,306551146,3
2034,1027,984,6099540,1
2035,11,1641,4558526797,4
2036,116,779,62158084,1
2037,16,29,1105731932,3
2038,8,185,8594493300,2
2039,70,189,1905008,1
2040,286,648,6876611,1
2041,2248,63,517820820,10
2042,2,902,41760308,1
2043,86,1061,32737586,2
2044,225,665,104115794,1
2045,66,374,10922371302,1
2046,2,665,4638287535,17
2047,73,20,4641893,2
2048,512,984,7416286,2
2049,86,374,10341409,2
2050,115,376,31826998,1
2051,297,44,471868442,3
2052,116,627,97695586,1
2053,171,56,1499760259,3
2054,86,99,399607929,2
2055,148,1877,13250057117,1
2056,1233,762,1501000181,1
2057,38,2,292068677056,20
2058,1143,984,658720293,1
2059,244,564,5339953935,2
2060,915,67,10407371017,3
2061,1628,2200,13650,5
2062,152,20,186700783,4
2063,2510,984,69545504,3
2064,158,2210,101297160,1
2065,150,1734,1547241024,1
2066,43,232,19259274,1
2067,749,1533,6149914200,1
2068,38,2230,96851759534,10
2069,1906,20,411304406,2
2070,12,2229,1284384955854,66
2071,116,140,189913913,2
2072,56,957,220510233474,6
2073,20,1397,2000954234,2
2074,2,464,43123791,2
2075,1,67,7208638,1
2076,1061,38,254234732860,13
2077,0,23,7369986481,1
2078,113,297,4296133,1
2079,2248,555,31328507,1
2080,2,2224,142457721,3
2081,56,138,1399736885,1
2082,984,166,242559779699,27
2083,155,188,160689893,8
2084,150,2185,1373664178,1
2085,1073,374,4132250,1
2086,984,2248,350179237783,35
2087,79,894,1177387994,1
2088,915,276,5488206954,6
2089,799,1,12687387,1
2090,33,1119,2543784348,1
2091,1061,286,472037370,1
2092,105,1216,858111340,1
2093,66,2276,24193436574,1
2094,162,660,157513367,1
2095,0,467,409650516,5
2096,551,607,4882269958,1
2097,426,29,2427713,1
2098,38,1611,212129121729,5
2099,1,286,47367581,3
2100,86,1397,25967323,2
2101,281,2224,4040132,3
2102,16,719,186804143,1
2103,984,246,949247089,1
2104,182,148,98965421267,7
2105,16,896,849429621,2
2106,56,106,199611277055,4
2107,154,1061,1972414019,2
2108,29,2210,17112089,1
2109,56,54,768007832514,23
2110,38,1457,654385951482,19
2111,82,99,539574797,1
2112,428,222,1862791000,3
2113,75,12,936396731,2
2114,16,0,1566754548,4
2115,984,323,28459283843,2
2116,268,1044,1436643,1
2117,106,2131,5007333576,2
2118,44,0,28814784,2
2119,364,188,730464,1
2120,1,25,72798724,2
2121,2248,2276,411063509,7
2122,984,648,157756179083,17
2123,2733,1440,705611,1
2124,612,984,1064742407,3
2125,6,478,4705472919,7
2126,105,0,131080788341,153
2127,20,140,212734031806,4
2128,20,126,12512033087,2
2129,298,276,7865813430,3
2130,12,0,3561252341601,186
2131,12,1776,136222646833,7
2132,434,2230,3357638,1
2133,376,1328,600000000,2
2134,138,915,14106030539,5
2135,923,56,10453854,2
2136,1,464,1218230247,6
2137,38,12,1164006499358,72
2138,1439,512,2307689,1
2139,0,1092,1312157,1
2140,32,1143,61883394,1
2141,56,276,26850217518,1
2142,23,2,1920856,1
2143,148,4,12084928908,3
2144,67,1083,38663107,2
2145,190,1644,199514897,1
2146,150,276,1752420902,1
2147,138,1149,4398739646,1
2148,856,2356,89609385,1
2149,105,475,1300295636,1
2150,374,82,286812645,1
2151,1149,2248,5791212,1
2152,893,132,698885318,2
2153,1439,2,4615378,2
2154,11,8,1387356242,1
2155,2248,896,3882273602,71
2156,105,23,750378172,1
2157,2,102,20404022,1
2158,1603,23,5000851285,1
2159,89,56,756478154966,57
2160,64,1257,539860987,2
2161,66,58,20558202376,1
2162,81,907,17050147,4
2163,1149,0,8523041,1
2164,244,428,293564300,2
2165,2,63,286332772,4
2166,105,675,2205914457,1
2167,984,5,18079150206,1
2168,256,984,15585712,1
2169,394,504,19595486,1
2170,1815,23,606381240,7
2171,188,2210,401318450,2
2172,138,67,9776583220,2
2173,1439,73,4615378,2
2174,223,2248,4530123,1
2175,428,20,6898199357,5
2176,1,106,135345656,1
2177,105,95,16244784703,32
2178,11,2,7021131914,6
2179,105,779,7774247523,11
2180,185,984,21302155557,47
2181,11,303,1097677402,1
2182,298,56,111562922849,43
2183,63,21,1297464,1
2184,73,467,515935769,9
2185,2248,1,2060396163,51
2186,32,2187,54975389,1
2187,44,86,244301651,11
2188,936,901,638438300,1
2189,28,2210,15966269,1
2190,984,126,127186818546,11
2191,433,571,701968538,2
2192,83,152,167871526,1
2193,222,23,362326287,2
2194,286,12,3481592425,1
2195,227,1644,132582926,2
2196,432,73,15150095,1
2197,1401,56,90576,1
2198,545,665,1439322,6
2199,148,376,3666537343,1
2200,297,227,637338388,2
2201,1171,905,7787526,1
2202,152,105,64151573,3
2203,1,481,18401270,1
2204,81,1397,5522434,3
2205,66,907,4598166384,3
2206,297,1132,33059484,1
2207,893,634,347145631,1
2208,148,665,552229557635,64
2209,662,984,186718460,11
2210,105,937,833816902,1
2211,374,1083,7909691969,60
2212,984,212,18079150206,1
2213,13,244,15924086,4
2214,11,73,14269431678,17
2215,56,1285,63318579295,2
2216,468,132,1805527460,2
2217,73,140,16736314,1
2218,64,675,112011310,1
2219,67,2187,8063011,1
2220,20,30,6826431676,6
2221,148,2294,241713460,1
2222,1061,99,84814144417,9
2223,20,56,425331492862,79
2224,113,2248,6954536,2
2225,38,44,236589121429,6
2226,138,99,129791199282,33
2227,1769,984,16395714,1
2228,56,674,19049014435,1
2229,64,105,1285081123,2
2230,984,638,10043594868,2
2231,0,106,1405665,5
2232,148,272,6200586607,1
2233,2131,1112,50865957,1
2234,1628,915,2730,1
2235,244,1440,7407925,1
2236,450,984,148052788,3
2237,85,2246,876900,1
2238,64,60,373504380,1
2239,839,2,12434392,2
2240,140,1,816152434,2
2241,1788,2305,13723276109,3
2242,297,2248,4995843966,23
2243,1,140,1386597017,7
2244,2,253,223547005,1
2245,476,2210,5434543,1
2246,106,152,2503666788,1
2247,79,896,3002254,2
2248,12,984,194698775064,14
2249,648,1,95265231,5
2250,11,1714,3843900493,3
2251,106,268,2503666788,1
2252,20,788,2468697911,1
2253,23,564,99800000,1
2254,51,2,2580310,1
2255,56,2533,11644913410,1
2256,1,2636,1326746944,1
2257,893,2230,151139121,2
2258,105,2,7086367746,10
2259,86,1641,243866280,2
2260,79,665,4058131,3
2261,247,376,83286632,11
2262,612,3067,12545498323,37
2263,866,59,14419062130,5
2264,6,1776,672210417,1
2265,102,132,118981339,1
2266,0,1478,25933712,17
2267,12,1216,19460378119,1
2268,778,23,34451057,2
2269,2,163,20404022,1
2270,32,467,61883394,1
2271,340,1466,40196122,2
2272,1042,1,342134032,1
2273,1,2363,13146245610,7
2274,6,943,672210417,1
2275,13,38,1460998,1
2276,148,428,1280213862,2
2277,984,293,3659728190,1
2278,2131,984,1324820623,14
2279,12,2204,797875502879,41
2280,4,38,48764097,1
2281,11,66,1027207256,1
2282,148,1679,99503898287,5
2283,30,2210,25524287366,34
2284,286,984,3743401248,30
2285,112,56,123893382,2
2286,0,148,8528553857,53
2287,3055,403,5546867,1
2288,56,434,294594311489,8
2289,112,374,16061300,1
2290,227,428,40662395,1
2291,710,1457,43775825,1
2292,1,12,9219867536,16
2293,2,38,788403443,4
2294,30,63,54672141,1
2295,297,896,5708345149,16
2296,60,984,466307290,2
2297,150,297,4591355250,2
2298,11,662,270167882,1
2299,988,779,899944560,1
2300,662,297,1429345,1
2301,301,169,40759766,1
2302,340,3065,69058243,1
2303,6,538,672210417,1
2304,430,20,25565364,2
2305,778,902,26251983,3
2306,1770,1701,6708245,1
2307,6,113,672210417,1
2308,915,374,25126656833,20
2309,6,856,2016631251,3
2310,298,1105,1680303883,1
2311,278,56,1119666417,4
2312,662,268,2952324,1
2313,0,145,5192148,1
2314,627,38,5342993593,3
2315,297,29,5845983254,18
2316,893,1257,414545359,1
2317,0,2288,138281,1
2318,1494,1877,515440409,1
2319,218,1257,108434288,1
2320,73,278,2609455,2
2321,0,565,11401028,1
2322,148,1641,22878173619,2
2323,297,2913,1785274931,2
2324,175,86,105672443,1
2325,2248,74,56100088,1
2326,56,19,57954678278,3
2327,1061,901,4195847787,2
2328,432,0,106050665,7
2329,64,225,17178795,1
2330,44,376,242877771,7
2331,64,74,886896968,1
2332,585,2186,3723254849,4
2333,30,23,735108300,2
2334,936,823,396257170,1
2335,837,99,150322762,1
2336,64,123,778701107,1
2337,56,839,375582619194,9
2338,59,2276,7945368,1
2339,201,189,3215116,1
2340,44,296,102843503,3
2341,79,163,12653594,1
2342,105,627,397473598,1
2343,56,1993,360546712241,5
2344,56,2913,543477163972,19
2345,54,25,866049224,6
2346,138,66,10723997954,3
2347,32,73,2477941,1
2348,11,1453,1027062260,1
2349,1,132,38367707,1
2350,649,2194,399925000,1
2351,1061,984,374012093602,140
2352,11,512,1012760146,1
2353,387,56,403115314,1
2354,1,2662,20882723,2
2355,54,340,363877242,7
2356,455,56,4885139397,8
2357,984,132,32789964547,4
2358,244,2276,50064190,3
2359,171,2,999841921,2
2360,297,1644,68922170,1
2361,162,2276,149391862,1
2362,2248,2962,37773497,1
2363,67,86,65033009,4
2364,225,839,23746667,1
2365,489,246,158550116,1
2366,132,872,167978187716,5
2367,984,175,71690989090,3
2368,1788,984,952290552,1
2369,627,662,82621754,1
2370,13,2248,7655241,2
2371,429,2246,762937,1
2372,0,86,38219053,13
2373,297,105,2793125091,6
2374,138,984,533284517381,174
2375,297,12,967693725,12
2376,106,788,173912221,1
2377,30,1257,621677913,3
2378,140,99,969090330,1
2379,162,778,504446817,1
2380,1002,148,601464279,1
2381,56,1734,90721700493,2
2382,298,778,3312642579,1
2383,56,38,253464033433,7
2384,1734,56,48863512,1
2385,30,73,13593746405,7
2386,20,2267,18916964,1
2387,984,1149,71061776948,6
2388,29,297,5682993,2
2389,86,20,62774208,3
2390,105,30,6828606356,10
2391,79,662,2377924062,1
2392,23,1641,99209200,1
2393,38,1472,3497295695,1
2394,54,2210,99983276,1
2395,76,1478,258616284,1
2396,61,132,94127977252,12
2397,150,56,6697212471,3
2398,2,376,33135159,1
2399,56,1478,900184342607,30
2400,12,662,4766897,2
2401,132,56,27324746771,13
2402,148,913,48542381831,3
2403,298,426,1599335654,1
2404,12,166,58381134357,3
2405,430,2230,2223320,1
2406,89,222,81793467034,6
2407,150,984,4464808314,2
2408,1,278,250921124,2
2409,30,915,2124539745,2
2410,64,2913,7319547204,18
2411,66,323,15150100883,2
2412,0,114,7647257,1
2413,439,374,969919544,1
2414,63,148,44503722,1
2415,89,2204,27232474000,1
2416,148,489,213500762779,31
2417,984,936,12633111176,1
2418,30,2186,396378840,1
2419,24,56,206772240,2
2420,374,539,170291272,1
2421,38,1061,73811981946,7
2422,374,233,191643841,1
2423,591,665,4613293,1
2424,425,2246,12672876,1
2425,196,984,52063403,1
2426,1061,1906,42865192584,4
2427,107,452,234950248,1
2428,58,82,9999481919,1
2429,150,0,328288727046,190
2430,61,1641,6231773433,2
2431,1770,2210,3849313,1
2432,293,2228,1986250878318,26
2433,2733,1603,30622127,1
2434,1,1877,38367707,1
2435,54,648,209289059,2
2436,38,132,670621661585,26
2437,627,105,30896885,2
2438,239,564,29767800,1
2439,286,56,5031339049,21
2440,227,27,200455418,3
2441,30,5,3022548272,4
2442,38,20,1773893496672,79
2443,225,99,58439557,2
2444,56,648,919071201089,31
2445,56,2276,123092185006,5
2446,148,38,1012070642705,89
2447,984,38,47647236309,7
2448,105,2186,2176487659,3
2449,0,225,1951682,3
2450,16,56,27882562245,49
2451,274,188,2813104,1
2452,1439,901,9230756,4
2453,434,148,1553126831,5
2454,29,1083,3697797,1
2455,56,2131,538206147626,15
2456,147,140,849289568,3
2457,1,719,12503938,1
2458,75,56,10303332276,24
2459,162,1472,22118591,1
2460,1,1083,235724210,1
2461,20,662,1233503085,2
2462,2733,148,72009973,1
2463,30,38,8817533367,5
2464,856,2230,10209988,2
2465,2,821,27182935,1
2466,56,2230,1866966785454,44
2467,1611,915,59759546176,92
2468,16,648,156976217,1
2469,46,12,52214449,2
2470,55,903,490586380,1
2471,0,538,1392135,1
2472,376,2210,3155689345,38
2473,32,0,1457039166,37
2474,984,913,26842290686,4
2475,984,56,9613077731075,755
2476,105,44,2205914457,1
2477,30,2305,1959595138,2
2478,16,2356,697090172,2
2479,162,665,430542007,1
2480,6,297,5377683336,8
2481,296,148,260400382,1
2482,2733,56,163273199,3
2483,2200,2858,549959807,24
2484,2,1478,256957051,12
2485,138,56,1478321021522,397
2486,469,813,27857579,1
2487,1061,105,2527235890,1
2488,574,188,425781,1
2489,16,2224,4359182,3
2490,2248,2210,41194200,1
2491,2131,856,11000128,1
2492,1439,1776,2307689,1
2493,30,581,1104876408,2
2494,20,374,17288506410,4
2495,20,2210,127412046979,16
2496,984,528,5070885370,1
2497,30,74,1473947698,2
2498,86,67,635113628,10
2499,63,1083,80704890,7
2500,76,374,136633708,1
2501,56,627,226236837480,7
2502,64,605,622184288,2
2503,915,2248,2869997138,4
2504,114,188,3769590,1
2505,1760,1250,598927,1
2506,150,73,20818869413,13
2507,29,44,7391835,1
2508,984,56,214716276642,18
2509,982,1,1983853,1
2510,225,478,1495253,1
2511,581,467,28254250,3
2512,11,467,21297799140,21
2513,106,1061,2503666788,1
2514,20,8,9270589391,1
2515,147,2305,517627896,2
2516,2,227,148922661,2
2517,33,56,1105427895,1
2518,839,984,65136040,2
2519,1954,2194,1299305,1
2520,387,665,57476998280,5
2521,0,193,2564748,1
2522,4,188,2248955,1
2523,105,215,150870631,1
2524,44,648,35444322,2
2525,20,152,2179928488,2
2526,73,665,2058011,1
2527,101,376,622522268,38
2528,0,374,106607125,20
2529,86,779,4504060,1
2530,374,364,1040556441,6
2531,374,79,89131828,1
2532,29,2185,48115300,3
2533,38,778,876674744342,48
2534,662,38,2731735,1
2535,29,1478,3486440,1
2536,64,2180,431153145,2
2537,426,20,49745035,1
2538,56,1466,498011243167,17
2539,1061,325,164519044,1
2540,363,0,2645711,1
2541,0,896,7196244,10
2542,13,788,3906355,1
2543,32,1397,7094032,6
2544,2,227,89425127,1
2545,148,2210,196016387954,25
2546,21,2187,1681555,1
2547,286,464,13807640,1
2548,56,20,5703169644,3
2549,30,2913,1076684928,2
2550,16,884,999871300,1
2551,239,662,3105620,1
2552,86,296,16401784,1
2553,95,44,87731667,1
2554,2,155,21343400,1
2555,6,23,672210417,1
2556,612,20,178049329,1
2557,12,2248,19497505774,7
2558,434,984,2594069819,35
2559,69,323,14124099611,1
2560,59,196,2934258,1
2561,16,2363,667293961,2
2562,268,188,4288632,1
2563,76,1776,1436920,1
2564,286,2187,1275524982,2
2565,105,901,1881265468,3
2566,11,755,1380952835,1
2567,86,762,13470166,1
2568,455,2,37582928,1
2569,172,778,291126620,1
2570,148,478,34947914576,3
2571,56,112,55607088877,2
2572,0,1397,38117576,5
2573,56,132,250570487011,6
2574,162,374,323121057,1
2575,59,1644,4452569,3
2576,95,648,2119494,1
2577,302,99,226668174,2
2578,1401,0,425469,1
2579,44,2230,97647832,3
2580,152,778,24551236,1
2581,450,2187,44278857,1
2582,984,934,2077973419,1
2583,51,38,34691436,1
2584,151,63,11117155,1
2585,44,665,7539986,1
2586,23,2185,169357905,2
2587,313,56,61104700,1
2588,75,2210,1379612871,3
2589,778,27,37768837,1
2590,1012,1083,1253030,1
2591,1,63,21590246,2
2592,76,12,121580524,1
2593,2655,113,23692037,4
2594,148,140,309315625347,31
2595,148,23,46201695771,4
2596,38,5,6242999667,1
2597,2127,376,9878949190,7
2598,175,2,913672946,2
2599,302,246,117400278,1
2600,56,297,6025973862494,203
2601,1679,342,1999362089,2
2602,66,615,7213099964,1
2603,376,56,8810000,1
2604,73,32,1061249,1
2605,2,99,30894815,2
2606,1061,56,350798120,1
2607,11,297,8924747413,7
2608,1061,2305,1344815838,2
2609,23,61,6317156744,5
2610,140,2230,861914602,2
2611,2920,0,2448900,1
2612,984,227,524403931500,50
2613,915,304,8893284635,10
2614,285,1440,1064425,1
2615,23,1635,10900451,1
2616,293,428,488595877910,7
2617,112,984,432242077,6
2618,296,376,26069973018,247
2619,23,0,94388,1
2620,32,225,51900067,1
2621,126,38,2485959336,1
2622,244,99,116391244341,87
2623,2924,56,4848505647,9
2624,515,2246,5962413,2
2625,169,1701,204825,1
2626,666,2210,93637247,1
2627,19,23,49999932800,1
2628,11,2180,28229769,1
2629,374,450,317384314,4
2630,61,374,166708007765,24
2631,89,428,87525619232,5
2632,493,20,19566457,1
2633,11,2248,13496363081,15
2634,38,59,79819889413,4
2635,984,2183,19253424147,1
2636,162,648,385548731,1
2637,185,99,42132291522,8
2638,1877,2276,1241313,1
2639,56,2233,76027095292,3
2640,148,273,108177177674,8
2641,915,1083,2716604586,1
2642,2807,693,53050461,1
2643,29,2,6499230,1
2644,41,56,400128575,1
2645,56,222,322019591254,6
2646,105,2180,2520858449,4
2647,82,148,45324783,1
2648,20,12,162516817,1
2649,126,148,5255527947,3
2650,2093,2210,1875073,1
2651,11,821,255766715,1
2652,345,188,365522,1
2653,64,1776,2148159638,5
2654,16,1478,4981244597,9
2655,11,260,1363794390,1
2656,1942,3,9920061,1
2657,1,538,96484388,2
2658,66,27,553035637,2
2659,56,102,17924486202,1
2660,1,676,9849446,1
2661,1679,38,3998978079,4
2662,95,984,116938732,2
2663,660,2,3056581,1
2664,38,1397,60077610312,7
2665,1322,2246,100680000,1
2666,105,176,3072197477,2
2667,436,0,4688200,1
2668,38,662,12604403998,4
2669,1285,1440,269729970,1
2670,795,152,70621958,1
2671,1061,1776,3654695806,1
2672,1439,152,9230756,4
2673,132,2,273246,1
2674,1,984,246628100,1
2675,915,135,849856960,1
2676,936,428,1227257170,2
2677,662,56,120725417,15
2678,244,2204,999827900,1
2679,2,30,260912,1
2680,353,2210,6340245,2
2681,29,2180,18033410,1
2682,63,984,3202494810,19
2683,984,185,186129171196,17
2684,56,0,4775463115930,128
2685,100,2248,167151900,1
2686,150,2183,1752420902,1
2687,38,1,86956431972,8
2688,478,105,125321045,1
2689,296,67,730349739,2
2690,126,2210,4109450662,2
2691,866,538,2509812972,1
2692,56,74,393866333904,16
2693,61,56,616945452122,59
2694,5,74,250077119,1
2695,105,778,903617696,1
2696,984,247,1999556100,1
2697,180,984,368435470,2
2698,2,67,1311177232,12
2699,113,1478,33500,1
2700,778,634,1254349857,1
2701,2,665,805719066,17
2702,58,20,766202674,3
2703,23,648,17178353,1
2704,225,2210,40837144,1
2705,227,56,6897096434,40
2706,159,2224,1111220,1
2707,81,662,7599571,3
2708,82,297,14399749,1
2709,72,70,3871524,1
2710,638,56,1716626,1
2711,374,839,114440565,2
2712,450,73,30616673,1
2713,56,82,356767002830,9
2714,56,1772,21987379801,1
2715,276,1,10019118,2
2716,38,984,16399761263,3
2717,2,44,291458816,10
2718,16,1,346991235,2
2719,851,2224,7825259,1
2720,105,351,1727889918,1
2721,260,2185,6476534,1
2722,0,1061,86630641242,6
2723,61,1603,10544818182,1
2724,984,2180,112570148708,11
2725,0,660,157573,1
2726,30,140,3873745002,4
2727,148,126,6414867814,2
2728,293,132,15162405898549,216
2729,56,2532,13518418107,1
2730,984,296,178114061141,18
2731,21,1466,63584975,1
2732,222,1053,1979037,1
2733,105,984,18281389719,28
2734,2,5,90307443,6
2735,112,56,151292599,3
2736,215,2,14115015,1
2737,12,99,81317244,10
2738,12,974,1346747,1
2739,140,225,292034916,1
2740,90,984,21871211,1
2741,20,23,18916964,1
2742,239,81,1823246,1
2743,86,152,20774778,1
2744,432,1397,15150095,1
2745,134,919,380661067,2
2746,185,24,53935417,1
2747,58,665,4599177,1
2748,12,627,194603781190,10
2749,56,594,11635314064,2
2750,2,66,3998407482,15
2751,56,66,25028364964,1
2752,29,1439,419760,1
2753,1439,2774,68021746,1
2754,134,374,19545283,1
2755,1906,323,17646303,1
2756,0,544,2416478,1
2757,732,138,100553376500,1
2758,2248,2305,1119248069,5
2759,152,0,33812284,3
2760,23,38,1496732,1
2761,2,2276,184439687,2
2762,66,44,50276952780,4
2763,32,1440,55475582,2
2764,1611,894,1074122656,1
2765,106,901,20029334304,8
2766,6,296,672210417,1
2767,27,2186,110461625,2
2768,2858,511,824725,3
2769,73,3,13320441,1
2770,162,12,2168329735,10
2771,23,428,341011890,2
2772,138,188,854970,1
2773,385,2210,3693703,1
2774,69,2224,2129985,1
2775,1351,2913,6201520,1
2776,152,2187,3361612,1
2777,148,2248,776677625,1
2778,116,1143,130119734,1
2779,12,779,77841512476,4
2780,286,74,39657287,1
2781,852,1644,5662119,1
2782,27,24,1005954138,1
2783,749,56,14098624310,12
2784,12,867,97301890595,5
2785,61,20,621078275975,49
2786,374,225,87684144,1
2787,38,538,71080990513,2
2788,1,1635,56804479,1
2789,30,856,25755643749,4
2790,67,105,1146828362,8
2791,374,762,285458055,3
2792,12,936,5540252,1
2793,227,1641,36750008,1
2794,62,2,26037000,1
2795,298,648,20347598667,6
2796,856,1745,9993830,1
2797,374,2187,32490620177,167
2798,56,1397,3650170127188,90
2799,779,56,1225913353,4
2800,374,104,50393776,1
2801,222,648,187602915,1
2802,152,1478,3067920,2
2803,225,30,32833342,1
2804,64,1603,322752670,1
2805,1013,2210,2419960,1
2806,662,1641,1734461,1
2807,20,376,1484926829,2
2808,984,762,110626885451,7
2809,147,2,849289568,3
2810,62,140,49552500,1
2811,866,581,4437171069,1
2812,5,648,17941144,1
2813,16,2187,154305400,3
2814,12,2824,19460378119,1
2815,171,20,499920430,1
2816,64,286,139218399,1
2817,89,2305,69479358160,4
2818,658,25,14087118,1
2819,38,297,14655889332,3
2820,63,2027,3091500,1
2821,1042,44,2534634565,1
2822,106,2178,173912221,1
2823,2248,923,117648692,1
2824,30,20,12045752559,10
2825,38,2,342054203760,17
2826,11,86,1373935254,1
2827,152,77,4374444,1
2828,374,123,88043025,1
2829,364,2210,183630959,1
2830,196,2924,31000441,1
2831,138,662,2524875921,1
2832,215,148,20049243,4
2833,434,56,579411431,14
2834,495,188,8517882,2
2835,44,32,265714625,2
2836,60,44,1771229,1
2837,162,0,207005161,4
2838,374,196,120016075,3
2839,325,374,31316876,1
2840,94,762,201288333,1
2841,984,937,26428536877,1
2842,1772,512,63563766,1
2843,56,20,13000537485774,324
2844,44,2356,1750813,1
2845,984,665,660053924840,45
2846,79,273,954850546,1
2847,12,29,58381134357,3
2848,79,20,174065867,1
2849,79,2,100137000,1
2850,1611,1,304857633,1
2851,6,299,672210417,1
2852,56,103,51287879385,1
2853,23,2962,51620843,1
2854,105,67,1951711267,2
2855,273,984,3418870640,1
2856,62,984,42937300,1
2857,145,163,7216116,1
2858,239,1083,11666100,1
2859,296,41,44619279,1
2860,662,1478,3900120,3
2861,152,5,43892128,1
2862,73,376,29118515,9
2863,936,374,1455306165,3
2864,62,2210,135579080,1
2865,56,293,15600561754,1
2866,293,1214,225331916729,2
2867,570,188,4213800,1
2868,148,99,27005189667,2
2869,452,665,3076124,1
2870,79,244,2270387048,3
2871,126,923,3319156176,1
2872,984,244,385135802263,37
2873,2,127,97757494,1
2874,61,439,2864226484,1
2875,69,0,26264032340,2
2876,6,1281,672210417,1
2877,20,239,275438125,2
2878,6,286,2016631251,3
2879,296,56,4865055500,34
2880,73,2210,241309492,7
2881,54,896,615526328,7
2882,340,2,19203500,1
2883,138,634,12391315407,4
2884,64,2246,1797258208,3
2885,2248,239,33028532,1
2886,64,63,72501097,1
2887,534,95,166995270,1
2888,581,1,3436108,1
2889,38,27,104655050079,4
2890,61,99,1532345504994,146
2891,984,19,17775109388,2
2892,29,239,1314902,1
2893,915,0,17593271623,6
2894,380,2246,4392996,1
2895,795,73,70621958,1
2896,272,244,1999905920,1
2897,2248,5,598718306,4
2898,856,1776,11414059,2
2899,1,2180,10727419,1
2900,915,2305,18714846519,10
2901,23,478,2158649,2
2902,1510,2248,9026890873,13
2903,893,2210,1892889518,5
2904,138,44,4194191326,1
2905,56,1457,4450556269644,86
2906,2,47,118872999,1
2907,2493,894,12478198,1
2908,1439,2356,2307689,1
2909,182,2210,3239137026,1
2910,984,658,26428536877,1
2911,915,99,81726822211,35
2912,2770,2204,3703863,1
2913,534,1440,169718703,1
2914,20,56,139637411976,15
2915,116,856,138200494,2
2916,15,374,139556314,1
2917,649,188,399925000,1
2918,376,227,503123453,1
2919,64,38,32083884464,101
2920,23,225,59867827,1
2921,44,581,20830696,1
2922,61,634,11689200601,1
2923,1,901,35690467264,183
2924,662,2,18731238,8
2925,468,38,888036447,4
2926,244,24,868467491,3
2927,387,2183,9394500000,1
2928,1057,467,143145,1
2929,1163,0,1422059,1
2930,20,2230,6307497966,2
2931,1,896,796987823,2
2932,140,1,3294682792,9
2933,96,188,2117078,1
2934,589,2194,2191974,1
2935,38,944,20263044007,1
2936,51,467,8240386,1
2937,877,188,3967597,1
2938,105,428,4248900420,4
2939,619,665,111556692,1
2940,821,30,1457591003,2
2941,984,155,147643116210,10
2942,51,0,14434535,3
2943,225,2363,947741,1
2944,2,376,641104623,5
2945,150,1457,1373664178,1
2946,225,20,81499465,2
2947,1,648,29896367,2
2948,29,246,1196892,1
2949,2,24,101713026,1
2950,56,2440,18562130371,2
2951,227,2210,606796068,3
2952,915,56,568939548809,308
2953,66,2230,20231231217,2
2954,116,1397,810052748,9
2955,19,56,101196360,1
2956,778,2305,10142139982,8
2957,44,106,7388649,1
2958,56,12,2259171934190,60
2959,81,67,11000002,1
2960,162,2210,600999765,1
2961,253,56,12766030,1
2962,346,2246,1836085,1
2963,6,38,3361052085,5
2964,86,5,12540277,1
2965,984,38,1520003287914,122
2966,984,907,33236412708,2
2967,152,1993,3930000,1
2968,79,2248,22554754,1
2969,219,984,8270536,1
2970,66,38,6784527172,1
2971,984,450,715326805,1
2972,2510,8,399945782,1
2973,56,6,38130852565,2
2974,56,796,72416702763,1
2975,1472,38,91045683098,1
2976,105,244,2205914457,1
2977,387,762,22555250000,2
2978,152,38,52479198,3
2979,148,94,22065330743,4
2980,1,894,12831195586,17
2981,56,78,25216899225,2
2982,286,148,2417206217,7
2983,32,627,35000,1
2984,12,2182,58381134357,3
2985,444,38,26199473,3
2986,145,2215,18000572,2
2987,30,182,1179038534,1
2988,2,2,118639498,1
2989,6,1143,672210417,1
2990,116,95,91413211,1
2991,82,73,10638309,1
2992,268,1701,399862,1
2993,893,23,2106628867,3
2994,772,61,634413602,1
2995,0,665,9913042,1
2996,44,675,99629946,1
2997,1628,1064,2730,1
2998,297,902,533982084,3
2999,1,95,1592286154,3
3000,105,61,4411828914,2
3001,135,256,39584124,1
3002,105,155,754486341,2
3003,56,664,11306890735,1
3004,190,0,5797265,1
3005,105,323,68431687,1
3006,444,648,13611000,1
3007,11,2210,15884942820,16
3008,0,2,1267226233,35
3009,915,38,1319925391,1
3010,58,2027,72519295,1
3011,1906,56,76610623,2
3012,195,374,13707882,1
3013,126,2215,6403030151,2
3014,102,56,5882200,1
3015,285,376,7506581,2
3016,185,27,64981920,1
3017,63,56,139339660,14
3018,984,24,16005554749,2
3019,984,1620,9887999593,1
3020,866,2210,6816376192,2
3021,67,907,13540564,1
3022,839,148,1823155,1
3023,23,665,106413813,1
3024,66,839,30736161006,2
3025,67,893,102899020,1
3026,2617,635,930696,1
3027,227,12,45411915,1
3028,66,63,17558764911,2
3029,11,464,2700133690,3
3030,298,1288,3017752281,2
3031,38,152,74693935996,2
3032,2184,188,2569983,2
3033,102,662,1687399,1
3034,67,297,94650774,2
3035,105,66,864538498,2
3036,799,1397,11437989,1
3037,59,304,4996430,1
3038,963,1732,6329173560,3
3039,148,106,404783903,1
3040,227,6,769396735,1
3041,86,73,5875176,2
3042,30,1993,787628827,3
3043,834,2210,876600000,1
3044,11,67,1369478210,1
3045,915,227,3374751412,2
3046,2962,778,109915631,1
3047,376,1122,969900000,4
3048,662,2,28955459,1
3049,958,1776,7192090,1
3050,1061,276,555086163,2
3051,2,0,1123034210,58
3052,105,762,2205914457,1
3053,458,665,40750600,2
3054,56,2204,82765149438,4
3055,0,12,33986014,41
3056,126,662,7497177114,2
3057,1,2187,449021629,3
3058,13,2182,16874803,5
3059,133,304,4145242,1
3060,58,148,11676681315,16
3061,20,2913,5662940383,3
3062,159,63,39377901,6
3063,23,61,9901235,1
3064,77,1257,1068202097,7
3065,633,675,253510390,1
3066,581,14,2002194,1
3067,56,2267,257352447731,7
3068,1,374,195385473,2
3069,374,2,99618738,1
3070,697,936,35811634,1
3071,94,20,15795914,1
3072,2,38,488714054,3
3073,185,38,1476902800,2
3074,155,376,24094036972,765
3075,1105,1466,13300000,1
3076,483,0,5078957,1
3077,148,2276,128123505,1
3078,150,0,6697212471,3
3079,140,12,2063041330,3
3080,923,1,177219831,5
3081,1,1478,11597278513,18
3082,20,564,8953608629,2
3083,253,915,14046092,1
3084,54,1,488402926,7
3085,915,184,141122181,1
3086,1004,2224,10165650,3
3087,30,1478,186303408,2
3088,106,0,32895492686,15
3089,298,915,2733851888,1
3090,152,188,32245467,3
3091,468,2210,532372440,3
3092,936,12,2909061110,5
3093,984,86,1291609720122,118
3094,43,984,72806948,1
3095,296,285,58892402,1
3096,20,2187,25402804687,2
3097,38,972,16385665773,1
3098,20,467,17514711408,3
3099,1788,56,3924505272,4
3100,434,2183,121307191,1
3101,102,374,950000,1
3102,106,56,27540334668,11
3103,6,2610,672210417,1
3104,155,839,67666464,3
3105,675,732,183242554001,7
3106,1510,778,864727154,2
3107,297,113,9188776720,25
3108,81,839,90204010,2
3109,105,99,3110968986,5
3110,0,551,18379297,1
3111,27,297,52820318,1
3112,152,1288,3230000,1
3113,984,182,85496462123,5
3114,1132,12,1142642,1
3115,79,99,3849052069,3
3116,162,56,17463895617,44
3117,25,101,34098113,2
3118,856,86,1058411088,21
3119,215,984,73968994,3
3120,1,29,995962804,2
3121,795,665,2048036782,29
3122,444,2267,329547753,1
3123,5,2131,2384209,1
3124,2,2182,103314231,5
3125,2,13,20404022,1
3126,30,66,1493992554,1
3127,184,374,73917175,1
3128,148,2027,63890964035,8
3129,38,86,70362297463,5
3130,2760,188,300360,1
3131,3084,2,9920870,1
3132,2,140,167548365,1
3133,0,27,107986010,11
3134,839,2,16361899,2
3135,2924,778,1418196870,1
3136,15,82,328826909,1
3137,234,2210,17759081,1
3138,12,113,12885013,3
3139,1090,56,139939884,1
3140,644,1129,22944099,1
3141,150,351,2232404157,1
3142,66,56,2692532196,3
3143,1,2027,25401822,1
3144,0,126,965176,1
3145,376,2230,33169350,1
3146,856,1429,1597186,2
3147,150,2210,11891974472,7
3148,2248,29,83051923,4
3149,79,984,2668315,1
3150,2,85,49804404,2
3151,95,376,6655307,1
3152,51,2027,2687961,1
3153,915,477,1372363766,1
3154,839,81,71129819,10
3155,374,286,64801284,1
3156,296,25,72617029,1
3157,12,2770,19460378119,1
3158,51,1478,608406,1
3159,105,246,803986573,1
3160,27,38,95286976,1
3161,105,907,210541755,1
3162,296,467,309212758,3
3163,297,56,31471223364,100
3164,6,227,672210417,1
3165,52,56,85449982,1
3166,374,905,3947583319,18
3167,984,188,41857903336,2
3168,64,662,3098888718,8
3169,20,86,3851873004,2
3170,105,132,8823657828,4
3171,73,2248,1226637,1
3172,450,73,9038549,1
3173,67,38,804357942,3
3174,928,68,62176021616,1
3175,23,901,234686734,5
3176,20,121,216820787,1
3177,145,894,2300028,1
3178,432,934,15150095,1
3179,73,2183,50327080,1
3180,2,901,3385683261,11
3181,243,0,125326,1
3182,2,1478,77312128,2
3183,74,20,255842773,3
3184,2,252,21662588,1
3185,56,239,19049014435,1
3186,2,56,21936043728,102
3187,374,2215,50293505,1
3188,73,67,1549135,1
3189,59,1083,88995315,11
3190,105,1055,704212846,1
3191,183,919,231319258,1
3192,2,1641,443175062,1
3193,162,32,603008489,1
3194,105,29,3850335218,4
3195,984,778,1373902247363,115
3196,20,2183,133338387,1
3197,63,2210,10058064,2
3198,38,2289,102223781096,4
3199,3084,152,29420130,1
3200,15,2210,199910000,1
3201,300,675,59599063192,3
3202,44,38,112767684,3
3203,273,374,2868970500,3
3204,1,30,1387151155,8
3205,296,478,29730719,1
3206,984,302,18480259097,1
3207,23,2230,2660376,1
3208,155,2210,57905487,1
3209,81,113,1800006,1
3210,6,148,4196838172,7
3211,54,73,111415947,2
3212,132,222,4754372960,5
3213,63,2187,1440698,1
3214,374,63,3559307012,19
3215,143,188,12190892,1
3216,289,2246,67029780,3
3217,286,1,311392817,2
3218,0,38,1129130533,30
3219,95,278,2196918,1
3220,15,171,170639508,1
3221,32,81,2251214,1
3222,20,884,5927425239,2
3223,603,2246,2000303,1
3224,44,1083,29332993,3
3225,2941,915,40918593,1
3226,140,5,421827413,2
3227,374,1257,199297313,1
3228,105,478,3167031651,3
3229,105,913,864538498,2
3230,4,662,7816193,1
3231,29,2,16115627,1
3232,1,163,1090435978,14
3233,56,1644,19379567499,1
3234,291,2210,1001122364,2
3235,984,2131,113065019672,8
3236,79,788,1196840433,1
3237,25,467,3000248,1
3238,86,297,1283691,1
3239,455,105,1050019689,1
3240,151,374,92530547,1
3241,67,2761,3098483,1
3242,293,1603,139598822260,2
3243,89,374,2558435523,1
3244,30,1440,1592776788,2
3245,5,1440,477941,1
3246,0,285,220599,1
3247,56,87,17924486202,1
3248,68,20,79789800000,2
3249,2,239,24298123,1
3250,2,2853,118985682,1
3251,148,1233,1743936805,1
3252,1745,478,2114930,1
3253,0,2246,5422184,6
3254,89,99,172866722804,17
3255,67,141,1590720,1
3256,38,1641,207883438,1
3257,778,16,9862692,1
3258,30,38,21871373354,11
3259,148,2186,307167193599,30
3260,278,398,202896221,1
3261,38,2182,6905894476,1
3262,796,2230,49866100,1
3263,30,778,1300760459,1
3264,1628,0,8190,3
3265,984,428,1300293713098,110
3266,298,27,2547917999,1
3267,795,63,70621958,1
3268,152,2,538402585,41
3269,2,2027,158062149,4
3270,425,374,5525856,1
3271,214,919,454203,1
3272,478,467,4738679,2
3273,581,0,1046588,1
3274,11,1159,282826631,1
3275,984,101,25804490110,3
3276,27,2289,33916404,1
3277,795,140,70621958,1
3278,772,984,999895485,1
3279,126,23,9888185266,1
3280,915,2,1150845640,1
3281,38,2305,848036443616,42
3282,38,63,23572326301,4
3283,984,82,70962984375,7
3284,297,648,378071010,1
3285,152,12,341427,1
3286,1042,984,5624591624,3
3287,293,2,139598822260,2
3288,244,778,37161562803,31
3289,2,246,98507026,5
3290,156,2,726732644,1
3291,984,67,467035184655,38
3292,893,16,847653870,2
3293,302,2291,21991000,1
3294,4,856,9680108,1
3295,29,648,64310712,1
3296,11,2578,957418401,1
3297,385,3,669624,1
3298,1061,778,7418158720,2
3299,32,984,237654093,8
3300,984,29,36991015159,4
3301,856,152,238241738,2
3302,737,565,20153932,1
3303,46,894,134011834,4
3304,150,2784,3400902142,2
3305,30,12,4056932466,4
3306,172,984,21590566667,9
3307,400,2246,550874931,1
3308,150,1665,5172940,1
3309,67,2186,9818981,1
3310,0,2971,477052,1
3311,662,113,2502484,2
3312,0,907,1781262,4
3313,148,246,59780095744,5
3314,23,227,91914838,4
3315,244,2248,275792772,4
3316,219,376,1910701,1
3317,430,148,71202884,3
3318,112,38,1199884000,1
3319,915,188,2605632970,2
3320,46,2182,85114220,3
3321,222,188,14772966,2
3322,56,41,59221302023,2
3323,227,23,3408801113,7
3324,30,54,5474716016,1
3325,1061,928,4738311653,1
3326,37,1,3962400,1
3327,56,166,449505500390,10
3328,2267,99,70246352,1
3329,1185,56,7490007,1
3330,278,95,925208866,4
3331,138,374,709979270,1
3332,162,67,199606951,1
3333,23,148,112093989,4
3334,30,1,396195776,1
3335,66,984,721839400,2
3336,66,38,14230431106,2
3337,67,12,31976980,1
3338,1105,2186,12377300,1
3339,984,196,38067205803,2
3340,29,1397,142791268,7
3341,20,286,8358379668,3
3342,162,113,779597677,3
3343,30,12,980601623,4
3344,112,38,25932200,1
3345,1,38,2715488989,13
3346,79,984,12579257113,24
3347,67,1993,200953280,1
3348,152,61,9425163,2
3349,662,2248,92813501,21
3350,56,1027,16892356955,1
3351,69,2215,6444496471,1
3352,2,286,194418389,1
3353,38,185,784200226125,21
3354,85,928,133831637,1
3355,313,2248,80578301,1
3356,29,564,2460064,1
3357,150,2267,1263026451,1
3358,2,2913,260881747,1
3359,132,564,1167592800,1
3360,148,461,9998059054,2
3361,662,915,303495153,3
3362,30,2,4532237230,4
3363,38,21,29855374249,3
3364,183,304,320297265,1
3365,1772,2210,160025506,1
3366,0,510,702115,1
3367,46,56,91678872,3
3368,105,1457,2924836785,4
3369,140,3067,969090330,1
3370,148,227,30881744940,4
3371,988,56,1799889120,2
3372,50,0,68795629,2
3373,25,54,2392710,1
3374,428,44,6870000,1
3375,86,227,81643351,5
3376,297,102,1142547872,1
3377,38,2210,513511697255,38
3378,129,2196,77648239,1
3379,113,662,1403778,1
3380,923,61,4736102,2
3381,1,102,293857723,1
3382,20,27,7664039744,6
3383,411,132,779424572,2
3384,56,38,9270569428289,204
3385,1397,749,38307337506,34
3386,148,297,26818717172,2
3387,1,2183,87998023,1
3388,1214,56,12335273,2
3389,30,665,11162452692,15
3390,56,972,8356014903,1
3391,2,2191,20404022,1
3392,866,95,28153769599,10
3393,222,2210,1076129201,3
3394,0,2187,703772008,213
3395,29,132,139334038,1
3396,44,1,4487660,1
3397,33,374,67356250400,8
3398,662,648,1404051,1
3399,56,115,43800946061,2
3400,1877,20,1999855000,1
3401,74,148,1838851,1
3402,19,148,23480280,1
3403,11,2553,1371085903,2
3404,3065,2210,3113503253,4
3405,6,20,672210417,1
3406,20,396,64181657554,4
3407,23,2215,75843465,1
3408,0,286,7118961,3
3409,20,2276,933634917,1
3410,30,779,138202641,1
3411,1628,2858,521430,191
3412,64,2187,4600664882,24
3413,707,831,54620151,1
3414,148,2215,32307172049,1
3415,175,1397,362225186,1
3416,2924,227,367485756,1
3417,176,20,3314028188,1
3418,2,467,898742135,3
3419,62,2187,48190000,1
3420,662,2305,11394259,2
3421,95,56,655521699,9
3422,86,2187,28997884,2
3423,38,0,3597105,1
3424,662,627,10797520,2
3425,148,1772,7787726760,2
3426,749,894,629816940,1
3427,923,0,601813991,14
3428,38,2186,17757668623,2
3429,11,81,906001432,1
3430,0,11,402162,1
3431,638,12,1895068,1
3432,1,304,422887042,3
3433,649,225,399925000,1
3434,30,95,3204321302,1
3435,32,1,9624620,1
3436,71,1,628890,1
3437,2267,544,1296091,1
3438,20,182,9270589391,1
3439,2248,38,451838359,8
3440,79,1061,108781298,1
3441,51,38,1670177275,23
3442,1304,2210,830989534,7
3443,78,1644,8787983,1
3444,1105,467,43675023,2
3445,2,1061,2405996600,3
3446,38,163,80475988950,1
3447,749,227,799755920,1
3448,32,286,3745858,1
3449,64,984,58950116968,175
3450,411,222,20063410,2
3451,1061,140,3037773339,3
3452,1085,612,30098909970,10
3453,38,67,69447837296,7
3454,489,56,317027803,1
3455,920,2224,1176609,2
3456,856,79,29936720,1
3457,11,461,2321117,1
3458,774,1457,63002270,1
3459,227,105,101082062,2
3460,1061,63,1098106963,2
3461,0,386,71085,1
3462,2,648,178507809,2
3463,27,20,2241221758,7
3464,56,258,224896523336,5
3465,1,32,145007,1
3466,156,12,992968437,1
3467,1472,665,91045683098,1
3468,2,675,203488898,1
3469,105,16,2205914457,1
3470,56,707,38571053103,1
3471,67,6,68976095,1
3472,1502,2210,149520507,1
3473,6,140,672210417,1
3474,138,297,15932208476,5
3475,1,564,1157704517,10
3476,640,428,757572116,2
3477,46,374,24591903,1
3478,374,29,68046763,1
3479,30,5,835270307,1
3480,169,132,150704517,1
3481,984,2913,45273053728,4
3482,138,538,3896746880,1
3483,105,222,1300295636,1
3484,16,662,3686977327,5
3485,30,38,21227455601,4
3486,20,323,286162644,1
3487,105,2305,6270625587,8
3488,1772,984,791350922,3
3489,293,2204,69799411130,1
3490,979,44,242041783,2
3491,1478,116,104771995,1
3492,30,148,75112965929,53
3493,29,148,15869459,2
3494,152,148,30874110,3
3495,244,44,2000880000,1
3496,1,1641,17784234210,27
3497,32,56,2320159,1
3498,44,1478,1078118,1
3499,41,12,700000,2
3500,73,386,99920443,1
3501,812,56,61969438,1
3502,1,1022,79865458,4
3503,1611,38,683655139,3
3504,56,1472,48918977258,2
3505,468,56,260586215,5
3506,984,74,162413635286,13
3507,693,38,5501769000,1
3508,30,636,864606775,1
3509,469,915,50156169,1
3510,866,455,4863659299,1
3511,105,20,3165162596,4
3512,82,296,11560471,1
3513,73,105,13400761,2
3514,2248,313,57306832,1
3515,44,915,850684894,5
3516,430,38,1247374176,9
3517,278,2,271983610,1
3518,386,0,50000,2
3519,240,188,757204,1
3520,1,2178,50992746,2
3521,168,27,14996586,1
3522,67,38,26533772,1
3523,64,304,435442404,1
3524,38,2187,291268270901,6
3525,2248,103,18691255,1
3526,2924,984,881639365,9
3527,984,2363,47691546291,3
3528,172,2210,6673581716,4
3529,152,1,68195812,30
3530,138,839,9429813605,4
3531,5,86,103049925,2
3532,374,1,1803744216,12
3533,477,984,10002317,1
3534,116,102,23843722,1
3535,339,984,50992201,1
3536,75,1466,149496326,1
3537,297,1,6392653379,18
3538,20,778,4965101551,4
3539,0,253,135529537,4
3540,662,1,20178527,5
3541,984,158,386804368019,42
3542,180,2246,3041382,1
3543,30,85,244583367,2
3544,2683,376,7362114,1
3545,66,1440,24363871585,1
3546,12,411,38920756238,2
3547,2557,66,3433186,1
3548,2924,258,163038103,1
3549,152,85,9909913,2
3550,225,44,80362468,3
3551,76,0,2068401,1
3552,56,2187,1414092229692,49
3553,56,835,10417445378,1
3554,6,1238,672210417,1
3555,387,489,22635794570,3
3556,0,227,22961748,4
3557,30,1776,545162972,1
3558,38,434,95479514265,2
3559,30,1641,20326754016,2
3560,30,227,3310499954,2
3561,63,20,124106490,3
3562,12,323,38920756238,2
3563,95,2,224756959,1
3564,984,2,509046808544,33
3565,984,1,348346997571,33
3566,12,66,38920756238,2
3567,13,1143,3970630,1
3568,23,0,6823333,2
3569,185,227,3982848,1
3570,370,2,8846880,1
3571,64,276,140705036,2
3572,148,2289,31916261614,3
3573,56,2761,101992325764,2
3574,919,901,99921176,1
3575,168,56,28672727,1
3576,61,439,70550493122,6
3577,12,304,58381134357,3
3578,140,648,1595305166,2
3579,662,894,45912774,2
3580,374,520,101074105,1
3581,984,73,82653710397,7
3582,29,227,13386642,2
3583,56,658,18691446589,2
3584,20,2228,1386113194,1
3585,79,907,4331370,3
3586,13,152,4699996,2
3587,56,1,4450855725,4
3588,46,1478,129855868,4
3589,169,246,3929586,1
3590,297,5,1095656287,3
3591,919,551,6001436,1
3592,821,467,26210380,2
3593,69,16,84740353872,6
3594,374,2230,215193842,1
3595,56,428,1787747061902,48
3596,2,646,14609228,1
3597,41,984,23021070,2
3598,101,25,17472050,2
3599,432,2210,15150095,1
3600,268,2210,7445036,4
3601,629,2187,101824,1
3602,376,691,600000000,2
3603,1439,1,6923067,3
3604,2248,1439,11402957,1
3605,64,2,10793165778,24
3606,150,313,1648481240,1
3607,1105,1397,23221689,1
3608,105,293,952508740,1
3609,662,2186,28025231,10
3610,150,2845,1547241024,1
3611,893,20,259247139,1
3612,2289,20,2370626731,2
3613,56,27,2836694703400,74
3614,56,1007,79254552251,2
3615,915,2210,46229673683,29
3616,374,20,524097383,3
3617,38,38,129674237239,11
3618,227,38,59392425,1
3619,374,304,7246997067,24
3620,32,662,5514441,2
3621,1061,61,3834135642,3
3622,2,478,30423882,1
3623,56,2305,4429676874204,130
3624,43,296,107351812,1
3625,56,1732,346070311798,5
3626,169,2,6057759,2
3627,48,56,44008174,1
3628,86,2305,26625035,1
3629,44,984,5949053772,84
3630,58,56,4871296087,10
3631,126,20,3500925796,3
3632,66,81,44875018736,6
3633,298,1083,7676228560,2
3634,150,1422,1648481240,1
3635,1611,20,2241320,1
3636,38,634,137592326973,6
3637,796,2405,36703681,1
3638,6,428,672210417,1
3639,95,73,6252125,2
3640,428,2210,10840342156,8
3641,296,894,48926825,1
3642,73,658,21375984,1
3643,116,297,83753389,1
3644,442,56,131697850,1
3645,66,1,6109688404,1
3646,2924,66,1261835538,1
3647,512,73,2167012,1
3648,56,340,180202025393,3
3649,1061,154,1053999544,1
3650,778,23,334988338,3
3651,6,1061,672210417,1
3652,46,2248,2296412787,72
3653,79,648,63953748,1
3654,162,3055,49220795,1
3655,913,2,38018277,1
3656,12,148,38920756238,2
3657,244,2356,1833369892,1
3658,1102,2305,386549970,2
3659,1,254,104440854,1
3660,152,132,6990869,1
3661,51,56,367313804,7
3662,38,126,64216021454,2
3663,665,61,3233109818,1
3664,12,1641,155687045131,9
3665,148,182,50613539582,4
3666,1715,796,36668,1
3667,23,99,233709137,2
3668,152,1440,30930000,1
3669,3,67,401143327,1
3670,1149,984,1831789584,3
3671,64,113,73098733,1
3672,23,105,8492606,2
3673,202,61,1483995240000,7
3674,89,67,34722332645,2
3675,459,2224,2859677,2
3676,428,56,29422304328,25
3677,331,0,624709,1
3678,434,455,56888081,1
3679,2039,2224,14411938,1
3680,12,1257,1693052896353,87
3681,148,66,31775988390,1
3682,185,148,20973120,1
3683,38,2897,6242999667,1
3684,489,188,207199031,1
3685,105,2248,28267285782,42
3686,132,915,15826438528,8
3687,286,1257,82685475,1
3688,11,1478,4899403719,5
3689,195,344,19874247,1
3690,81,894,559974,1
3691,1,5,914422005,9
3692,30,902,2053149948,1
3693,8,2,2093818500,1
3694,302,140,14824074,1
3695,56,326,11976497359,1
3696,25,2,5556800,1
3697,296,12,216216110,2
3698,799,0,12270889,1
3699,1233,2210,180704350,1
3700,2,512,20404022,1
3701,150,894,11200313326,7
3702,182,0,20112342960,1
3703,2,1776,20404022,1
3704,244,20,2573300864,6
3705,520,1,20324843,1
3706,258,20,576272678,1
3707,56,896,212667220934,3
3708,56,2183,163220427170,6
3709,1105,2183,7759157,1
3710,185,152,2244728800,1
3711,239,2288,1461700,1
3712,2,2210,1616657549,21
3713,915,367,1095727264,1
3714,11,2186,913115432,1
3715,749,44,1069755920,1
3716,1,187,51571798,1
3717,2248,32,68439617,2
3718,0,105,71391773,12
3719,297,956,431422228,2
3720,67,1257,31907399,1
3721,169,56,20484623,3
3722,1510,297,3445503667,5
3723,150,2,2232404157,1
3724,278,1,574802714,2
3725,297,919,210000,1
3726,374,2810,50293505,1
3727,1,618,192280821,2
3728,140,20,4410070036,9
3729,164,665,727121,1
3730,426,56,29496543,1
3731,116,1478,167054843,2
3732,106,1641,2677579009,2
3733,61,188,381452,1
3734,778,984,38033825150,146
3735,297,23,58113161,2
3736,1061,44,6432563300,4
3737,25,56,55551244,5
3738,984,2230,282103302585,22
3739,215,140,15959384,1
3740,374,12,335577043,6
3741,426,50,3216660,1
3742,856,648,3901086,1
3743,299,95,7950231,1
3744,662,41,18219645,1
3745,23,12,5766533,2
3746,567,296,249717872,2
3747,66,29,58673083542,4
3748,1472,984,364182732392,4
3749,0,74,13780542,1
3750,183,56,600446388,2
3751,150,665,13824670285,8
3752,749,1,629816940,1
3753,25,2157,6689408,1
3754,1641,162,16335651448,41
3755,105,665,24146921687,36
3756,59,0,15886155,4
3757,2924,12,101811493,1
3758,930,984,8146436,1
3759,64,1171,227375428,1
3760,984,99,1853672416772,139
3761,64,467,403027720,1
3762,13,56,19387589,6
3763,627,16,113013535,1
3764,38,444,4784919514,2
3765,298,1440,3220171449,1
3766,534,0,3191974161,19
3767,148,5,13659418522,1
3768,29,2187,2840912,1
3769,2,428,167083205,1
3770,2,3084,750359290,2
3771,30,796,2162354791,1
3772,1,1310,51458278,1
3773,1772,20,299816686,1
3774,30,244,68514254,1
3775,1061,893,7999896734,1
3776,13,901,3265875,2
3777,6,2504,672210417,1
3778,316,56,108609819,2
3779,278,1981,279946887,1
3780,278,1,198280685,1
3781,1285,74,485481370,1
3782,61,148,8719575818,1
3783,3,188,3893282,1
3784,51,665,66963642,2
3785,12,778,19615740172,4
3786,0,56,60367571,2
3787,6,2230,835786087,2
3788,124,0,1999860938,1
3789,182,1,3239137026,1
3790,6,105,17468536586,30
3791,8,1061,4268803300,1
3792,2127,2194,1717500286,1
3793,6,2311,672210417,1
3794,162,227,430542007,1
3795,106,140,7511000364,3
3796,225,79,1887085,1
3797,677,1641,81554017,1
3798,1061,227,2264404089,1
3799,12,9,15386340,1
3800,13,20,2084721,1
3801,38,82,19573716144,1
3802,0,79,1445348,6
3803,193,297,36500344,1
3804,693,2210,11351383700,1
3805,30,1285,388260249,2
3806,30,0,4623058236,6
3807,162,2962,12423634,1
3808,0,1105,1104895,1
3809,374,274,409977936,3
3810,1209,148,118842342,1
3811,1183,984,225610712,1
3812,38,1288,5676536002,1
3813,121,984,1892970,1
3814,2248,73,63242343,2
3815,30,2185,7861013080,5
3816,2131,1,25021371,1
3817,11,85,907317059,1
3818,105,12,1319529004,1
3819,2,2,662944394,4
3820,30,2041,2125234403,2
3821,298,188,745472060,1
3822,1954,459,2056875,1
3823,2267,444,2114030,1
3824,15,913,339630322,1
3825,856,81,11064834,1
3826,216,984,26820945,1
3827,150,2,59047003919,34
3828,2,984,22006486424,108
3829,148,1105,13250057117,1
3830,296,1478,168794761,2
3831,984,2210,2200293138427,171
3832,2,856,46246271,2
3833,150,648,3400902142,2
3834,138,1815,14319696801,5
3835,6,56,672210417,1
3836,707,1056,48593861,1
3837,0,478,5118774,3
3838,148,2,95005694242,13
3839,150,947,2232404157,1
3840,213,187,3816506,1
3841,13,984,8742686,2
3842,244,923,734000,1
3843,66,633,8662707975,1
3844,206,1025,5035323,1
3845,1,668,4779980,1
3846,1,56,39573907305,116
3847,2,662,11536898266,8
3848,113,2027,2074055,1
3849,1776,162,5623337907,39
3850,41,73,9348441,1
3851,215,56,91594439,6
3852,649,56,399925000,1
3853,148,957,6663321658,4
3854,662,152,18615314,1
3855,0,140,10623002,2
3856,30,467,705001101,1
3857,89,20,135964659431,8
3858,56,856,2428496000933,68
3859,110,188,718613,1
3860,27,778,633117820,2
3861,148,13,26881120969,1
3862,63,374,4816339,2
3863,469,96,10127541,2
3864,11,163,1259746075,1
3865,150,304,4569386442,3
3866,76,907,111016271,1
3867,64,12,3519891813,12
3868,106,2210,2503666788,1
3869,124,188,599931974,1
3870,56,152,1983326536816,51
3871,666,984,332502541,3
3872,374,2183,130574384,1
3873,38,2204,121002076964,3
3874,0,891,3284492,5
3875,866,9,10675783863,4
3876,105,1285,811951460,1
3877,382,188,6608426,1
3878,2,555,21662550,1
3879,69,2231,56493569248,4
3880,1510,2,432363577,1
3881,1,225,23957803,1
3882,148,1993,3571426513,1
3883,297,2187,65649433,3
3884,1122,296,18867099,1
3885,5,675,894088888,1
3886,984,1703,13712649742,1
3887,63,2248,20113765,5
3888,286,44,106054102,1
3889,286,374,1198371028,2
3890,195,2253,37687513,2
3891,856,23,73776570,4
3892,23,2210,8252870494,9
3893,25,984,16000004,1
3894,222,99,1144131692,3
3895,297,665,967514893,3
3896,227,148,101431048,1
3897,2,1,86327680,1
3898,66,984,346075167058,38
3899,86,27,68375800,2
3900,11,225,1139608937,1
3901,29,13,3251860,1
3902,79,1397,1103881,1
3903,1061,66,16468074982,3
3904,0,2913,10269091,3
3905,148,67,73623579416,10
3906,1033,61,2851650000,1
3907,138,185,227349200755,66
3908,560,188,2287174,1
3909,56,939,59972742364,1
3910,1061,78,11467683530,4
3911,2,25,20404022,1
3912,76,1397,512675307,2
3913,5,2276,219169045,1
3914,5,1,17245771,1
3915,274,894,40549201,1
3916,13,99,9414453,1
3917,76,2248,1231817,1
3918,63,95,2001677,1
3919,298,1478,1232041450,1
3920,180,493,30317183881,3
3921,30,675,8572439834,2
3922,638,984,137276782,2
3923,984,779,173491607809,19
3924,2,2183,50133537,2
3925,1,16,358137545,1
3926,2,148,20040887730,28
3927,29,428,18175606,1
3928,6,81,672210417,1
3929,984,2267,58891517373,6
3930,2510,2187,2357566,1
3931,56,286,656045671374,19
3932,5,30,49756497,1
3933,1085,3067,71993001506,4
3934,374,246,407662851,2
3935,105,296,657999415,1
3936,2858,1101,360379,1
3937,86,894,2759586,1
3938,117,2246,5251003,1
3939,844,2246,4256070,1
3940,984,44,1380677002571,127
3941,89,778,231239366896,19
3942,1061,856,406602884,1
3943,56,163,497675143289,11
3944,302,915,50529282,1
3945,355,1776,31579,1
3946,74,227,32085075,1
3947,30,16,2884462671,1
3948,374,581,953579705,2
3949,2789,188,2420674,1
3950,2,675,142823272,2
3951,11,44,4822911552,4
3952,76,839,43513,1
3953,81,86,1400014,1
3954,11,188,4540201,1
3955,432,30,15150095,1
3956,82,376,1312568,1
3957,148,1209,5724696608,1
3958,79,762,2992170,1
3959,67,4,1261177,1
3960,1,2305,1126629957,10
3961,38,158,488667651789,46
3962,206,0,98569346,1
3963,913,984,499820070,1
3964,61,2183,15808780443,2
3965,428,132,1430272807,5
3966,123,665,16998984,1
3967,56,464,206171057090,7
3968,915,132,28808474394,13
3969,2092,984,499994350,1
3970,293,3091,69799411130,1
3971,194,374,18372137,1
3972,2,54,345620514,1
3973,73,895,1678924,1
3974,79,73,257529800,1
3975,30,894,1215490203,3
3976,33,984,1135288148,1
3977,58,1641,9999481919,1
3978,56,105,6814050926565,208
3979,649,1,399925000,1
3980,2,148,2001263994,7
3981,1285,38,2999880819,1
3982,374,1281,131023124,1
3983,856,140,7337560,1
3984,59,2187,589265500,2
3985,79,428,1155027521,1
3986,56,95,3058950412435,92
3987,11,627,2239622701,2
3988,2,188,3857346,1
3989,86,538,2639908,1
3990,2924,38,3851222412,1
3991,409,367,5745225,1
3992,2924,20,24642983,1
3993,69,1119,14123392312,1
3994,779,915,141586338,1
3995,225,915,18533925,2
3996,1510,99,38993815,1
3997,984,581,44296169510,3
3998,69,2228,28246784624,2
3999,105,2183,1275639329,1
4000,375,2215,57043680,1
4001,2267,374,12168279,1
4002,984,2356,33328035821,3
4003,116,12,682248898,8
4004,856,227,595381257,11
4005,56,16,706202325852,15
4006,33,648,100058696,1
4007,38,665,1135696003655,42
4008,12,2186,58417761695,5
4009,1951,984,21848631,1
4010,2248,1083,1397303946,25
4011,151,0,3951785,1
4012,244,148,10037228267,6
4013,152,2913,78931111,1
4014,46,512,27622546,1
4015,468,1149,176901790,1
4016,839,152,106123618,1
4017,0,894,42109359,6
4018,1,970,110778216,2
4019,27,38,1513851463,6
4020,302,665,4534441,1
4021,44,1641,10313688,1
4022,12,2,603271721689,31
4023,984,276,65273595422,6
4024,2,905,525233126,2
4025,67,25,9938980,1
4026,56,555,190630024538,4
4027,56,85,164179806663,5
4028,915,145,4782802162,2
4029,984,273,11638668926,1
4030,293,850,279197644520,4
4031,105,73,28076172474,43
4032,707,188,143865410,3
4033,368,1105,6428338,1
4034,367,984,4028892,1
4035,984,253,6388335503,1
4036,12,16,2704992558541,139
4037,106,2248,12692246161,6
4038,59,2224,7684056,2
4039,64,1478,1738501808,6
4040,56,821,99312946758,2
4041,2,896,43508564,5
4042,30,1457,128320595,1
4043,0,464,142103,1
4044,2191,110,2315202,1
4045,755,185,5278001,1
4046,38,272,20263044007,1
4047,64,591,122073218,1
4048,81,56,44030131,13
4049,795,374,70621958,1
4050,140,2,428270311,1
4051,493,121,55739099,2
4052,2,323,20404022,1
4053,46,2,89582027,3
4054,272,837,6363789640,7
4055,38,489,103996319436,5
4056,23,20,109314423,2
4057,86,63,68581326,1
4058,0,364,162145,1
4059,173,555,23578392,2
4060,105,2356,683493132,1
4061,2421,66,155370,1
4062,2248,148,246033546,6
4063,73,779,1079344,1
4064,73,662,108995899,5
4065,56,2185,809331973846,32
4066,152,2305,71647603,2
4067,11,894,2734312874,3
4068,182,140,15350956453,1
4069,165,919,3873601,4
4070,56,902,7792119479,1
4071,833,101,86470637,1
4072,253,188,308797,1
4073,225,1397,5506226,1
4074,20,99,71845545703,12
4075,148,387,23903507080,4
4076,38,225,570206228,1
4077,244,1,1720006883,4
4078,222,2305,1068438672,1
4079,32,297,61883394,1
4080,44,225,39829940,1
4081,1472,244,819411147882,9
4082,56,1233,38999624577,4
4083,139,73,18910502,1
4084,2228,33,1789480294,4
4085,374,591,564144973,3
4086,150,637,2232404157,1
4087,112,148,603979267,9
4088,296,23,147792732,1
4089,86,984,3692152849,66
4090,0,6,302383,1
4091,30,901,7868124181,8
4092,1,1143,415833409,1
4093,66,12,75950600499,4
4094,75,374,617470093,2
4095,6,73,14116418757,21
4096,185,86,14945760,1
4097,2,2194,23655190,2
4098,30,913,156818451,1
4099,62,665,40864100,1
4100,2,86,754876175,4
4101,23,779,90908127,1
4102,67,56,3249872,1
4103,268,2194,2669062,1
4104,123,0,14245937,1
4105,106,467,2503666788,1
4106,16,856,832495001,2
4107,13,2027,1120208,1
4108,1788,762,5952200152,2
4109,434,12,1433178,1
4110,56,1149,151622706798,5
4111,64,169,2041317363,2
4112,1322,188,18540000,1
4113,22,901,2021959,1
4114,56,928,163304999603,2
4115,778,564,9730682153,13
4116,101,0,4891529,1
4117,6,323,1344420834,2
4118,148,2,369479204707,32
4119,67,1776,4118478,1
4120,112,38,43539351,1
4121,102,0,704018,1
4122,29,38,3756404,1
4123,927,30,12050567,1
4124,1,2210,2674536021,18
4125,12,1281,583811343570,30
4126,56,2311,5642634005,1
4127,6,2131,672210417,1
4128,1,545,6714901081,5
4129,1,86,446616833,2
4130,1611,662,159815,1
4131,20,665,24887868427,8
4132,984,896,11137052265,1
4133,32,2,51900067,1
4134,30,1635,1168844877,1
4135,150,2294,1547241024,1
4136,56,634,188160231306,4
4137,276,2,6293888,1
4138,778,44,13554269,1
4139,16,907,7011760770,11
4140,984,1472,6798376453,1
4141,1,675,2847883406,16
4142,56,884,217675833031,6
4143,856,148,51584770,3
4144,12,61,12088187026144,619
4145,12,1313,38920756238,2
4146,61,984,594439249485,52
4147,56,894,1083814115482,30
4148,44,856,58481984,6
4149,64,923,139777929,1
4150,148,286,5911431019,3
4151,44,148,2468803917,5
4152,810,2210,19298616,2
4153,56,2556,759906207788,158
4154,0,32,3273577,4
4155,990,2246,1611757,1
4156,105,648,1476592088,3
4157,1061,86,1415354510,2
4158,1061,85,50092766470,1
4159,38,675,833412051036,22
4160,44,478,3129188,1
4161,2,856,790563157,2
4162,38,374,250885472447,13
4163,293,61,3420171145370,49
4164,86,434,427780133,1
4165,534,225,166995270,1
4166,46,1641,24591903,1
4167,44,464,46330250,1
4168,306,376,82488890,4
4169,56,762,571088095180,12
4170,503,2,962801033,2
4171,1772,56,124858726,2
4172,252,2248,4920838,1
4173,662,660,1158517,1
4174,132,16,21338079821,10
4175,1714,1116,1182734061,40
4176,138,27,43411969860,13
4177,11,23,1303411237,1
4178,984,2204,7156310020,3
4179,239,79,12245540,1
4180,2,304,142828154,7
4181,20,772,778119668,1
4182,225,2,30109924,2
4183,105,429,831449581,1
4184,2527,323,8000000,1
4185,44,2210,1679013928,19
4186,56,139,9699183579,1
4187,81,2363,513639445,10
4188,387,180,14317774570,1
4189,2924,2131,1031368109,1
4190,326,132,1013969429,1
4191,11,313,2048560557,2
4192,59,984,33721801,2
4193,64,222,2904727723,5
4194,56,3,28446008321,2
4195,30,23,1680425161,1
4196,74,152,4696158,1
4197,2,188,277805825,1
4198,56,2041,10329406874,1
4199,1,44,5263436866,1
4200,103,697,36901624,1
4201,376,374,503123453,1
4202,571,2186,323844400,2
4203,30,428,5468092971,1
4204,1510,2291,2156280795,3
4205,1769,1083,16395714,1
4206,434,856,5357638,1
4207,440,20,19999752926,1
4208,20,915,7045472010,6
4209,46,1397,161286540,5
4210,183,2,103752997,3
4211,984,1714,29460480921,2
4212,627,1,71849468,2
4213,0,63,71607434,35
4214,66,0,45149527225,4
4215,984,464,41154565589,3
4216,148,27,97731624812,11
4217,719,56,11691686,1
4218,374,483,184401306,1
4219,86,665,419773242,3
4220,478,1882,62740201,2
4221,984,869,1208477195,1
4222,426,1440,4365555,1
4223,820,1701,10047214,1
4224,64,16,89855525,1
4225,856,2962,39301701,1
4226,86,2131,4067495,1
4227,101,56,327270193,9
4228,56,182,72235348359,2
4229,56,869,59972742364,1
4230,67,2210,587621772,4
4231,212,56,23405650,1
4232,915,20,20386109152,11
4233,2,894,407916954,3
4234,69,2853,6437601364,1
4235,116,467,596482434,3
4236,434,778,114692965,3
4237,376,355,300000000,1
4238,581,839,2406905,1
4239,215,896,478305,1
4240,20,984,296432040922,83
4241,1,1397,17271277647,19
4242,38,856,61925163620,5
4243,105,56,2205914457,1
4244,434,0,234912,1
4245,390,152,2886824703,1
4246,915,152,2669063466,1
4247,125,839,370753,1
4248,2924,148,1752747792,3
4249,81,1,6636951,4
4250,434,99,1515826753,10
4251,1993,56,76875160,1
4252,21,984,19920222,1
4253,238,2187,35928052,1
4254,434,2248,726813122,1
4255,30,82,75354548,1
4256,984,2,1086482107707,77
4257,66,1981,70457222891,6
4258,11,1397,18771706188,21
4259,286,1,1218804,1
4260,298,0,4697491447,2
4261,66,894,10083174836,2
4262,64,627,141742470,1
4263,148,2924,21060207817,4
4264,662,99,2897265,1
4265,771,2194,1890162,1
4266,638,73,7685548,1
4267,1,148,1157983089,5
4268,152,2356,2428168,4
4269,162,2194,593347383,1
4270,984,2187,274997271601,27
4271,81,20,609700022,1
4272,6,44,13607784010,21
4273,185,1083,99799600,1
4274,30,56,24172778669,39
4275,12,581,116790362878,9
4276,86,2186,163988673,2
4277,984,538,386657802658,18
4278,89,893,2705195523,1
4279,314,1644,884108796,1
4280,151,56,30364403,1
4281,915,564,1488811382,1
4282,11,0,84037584011,82
4283,2,788,518896089,3
4284,430,1,9920822,1
4285,29,1257,15657311,1
4286,140,2276,292034916,1
4287,73,635,1200060,1
4288,2,2913,275054590,5
4289,5,894,300567981,1
4290,984,2186,1175289735359,110
4291,11,148,3946065898,5
4292,32,894,3125105,1
4293,20,825,4643739287,1
4294,12,140,38920756238,2
4295,38,247,5863327375,1
4296,233,188,276500,1
4297,140,2913,1487231506,1
4298,85,148,142058358,1
4299,82,50,1241872,1
4300,2,374,1536820470,8
4301,185,442,388735,1
4302,150,1776,1373664178,1
4303,71,188,210709,1
4304,132,1732,11227873418,3
4305,154,56,504842985,1
4306,152,44,22223567,3
4307,984,1105,11697852645,2
4308,138,778,73185197956,20
4309,2,2131,122703273,1
4310,278,2185,367591897,1
4311,64,23,90320351,1
4312,984,1478,11897448937,2
4313,154,188,16074287,1
4314,138,16,7004879027,2
4315,597,38,2287912,1
4316,8,24,1953820100,1
4317,151,1061,61001933,2
4318,896,2363,5697828,1
4319,64,939,9377045,1
4320,79,1054,8673845,4
4321,450,296,3412770,1
4322,11,901,2586223405,2
4323,268,56,4796289,3
4324,1061,304,205998609,1
4325,63,38,9039980,2
4326,2,984,31778808401,184
4327,2,1397,2204058495,37
4328,434,675,148268760,1
4329,1309,2267,1429842,1
4330,20,912,907266298,1
4331,1024,984,16348393,2
4332,106,44,2503666788,1
4333,20,2,4066393117,4
4334,662,2187,5227191,3
4335,148,0,370295592466,31
4336,984,2738,4999398024,1
4337,185,132,5001649506,2
4338,0,239,7687245,8
4339,984,297,526821564053,48
4340,58,0,600428193,3
4341,2248,41,419528153,4
4342,27,44,94973580,2
4343,44,2027,2852594,1
4344,12,1214,19460378119,1
4345,116,4,81739809,1
4346,56,923,43014418076,2
4347,44,4,21055612,1
4348,321,1960,4574622667,3
4349,105,140,2441845526,5
4350,138,1,29744633388,9
4351,30,297,8601798995,4
4352,12,2131,77841512476,4
4353,56,2182,19281809887,1
4354,1,1,22518192,1
4355,878,0,20032494,1
4356,76,297,120992294,1
4357,915,884,3101515150,1
4358,1,227,53754260,2
4359,0,648,4387151,3
4360,888,12,652688,1
4361,126,103,2453680770,1
4362,148,464,1103667838,1
4363,73,901,1162119,1
4364,185,564,10004551832,4
4365,30,2183,54672141,1
4366,1121,2,2959799,1
4367,0,984,52628449389,521
4368,73,227,1165255,1
4369,570,2246,6023608,2
4370,150,2186,1373664178,1
4371,148,894,111769083225,24
4372,67,16,9938980,1
4373,239,95,1918046,1
4374,936,2187,1857824970,3
4375,44,30,2999930250,1
4376,984,81,26907869408,2
4377,148,1397,201923980363,18
4378,244,56,63108338403,114
4379,11,1012,299067303,1
4380,697,638,15723268,1
4381,1061,8,1598901858,1
4382,244,762,434136810,4
4383,984,112,10520334233,1
4384,56,58,83238093922,1
4385,30,2027,117490416,1
4386,69,2204,28246784624,2
4387,1472,66,91045683098,1
4388,179,984,46426786,1
4389,95,2,1309099,1
4390,821,984,3762266,1
4391,11,915,1320405715,1
4392,150,44,6697212471,3
4393,76,627,235797697,2
4394,1472,185,910456830980,10
4395,81,1981,115045134,1
4396,493,56,337027517,2
4397,2248,188,187568469,6
4398,56,101,412346701946,14
4399,106,73,7511000364,3
4400,1061,132,6255272496,1
4401,64,20,5647977887,15
4402,2248,919,463311145,21
4403,1510,1061,1489124992,2
4404,244,23,170477100,1
4405,426,148,12183866,1
4406,244,675,165271212222,112
4407,138,20,39329510890,13
4408,1439,1641,2307689,1
4409,152,140,196313984,6
4410,38,467,13076428374,1
4411,152,675,99830000,1
4412,11,779,2578557461,2
4413,2,36,20404022,1
4414,218,984,4803586765,2
4415,0,29,6751695,1
4416,67,984,4144979934,51
4417,0,2186,11163654,1
4418,984,1993,46577257715,5
4419,56,2356,294278085552,6
4420,856,23,401000014,1
4421,116,29,98783659,1
4422,856,779,26436720,1
4423,44,2289,12850083,1
4424,512,20,8909963,1
4425,1,1109,86402430,1
4426,138,1083,223630785861,71
4427,38,455,174313421564,7
4428,512,2248,32905720,1
4429,2,1397,118022234,1
4430,21,984,1712027,1
4431,24,2305,243839333,3
4432,148,20,708151690003,81
4433,2,1061,44766952408,3
4434,2,2305,6123062302,30
4435,106,296,5007333576,2
4436,23,246,14920134,1
4437,30,1635,254473660,1
4438,56,30,2685050020523,60
4439,984,5,66354602029,8
4440,252,0,258303,1
4441,551,16,9764539916,2
4442,591,915,102399557,1
4443,958,38,151275931,1
4444,61,693,12226458987,1
4445,439,188,5112822,1
4446,155,662,229420359,4
4447,293,222,1744985278250,25
4448,2248,67,83995598,3
4449,227,856,1793217990,10
4450,148,634,31551687781,3
4451,63,268,1905080,1
4452,340,20,12726007,1
4453,374,278,318398489,1
4454,856,225,131277429,2
4455,105,821,1265042625,1
4456,374,193,27901920,1
4457,30,20,92592673430,60
4458,26,227,279317028,1
4459,82,901,5044019,1
4460,30,272,9097427498,1
4461,612,2194,461685,1
4462,244,32,2802600,1
4463,298,2276,2401406648,1
4464,984,634,185393465716,17
4465,1,2131,4122899957,20
4466,30,29,2071300228,2
4467,196,0,12378300,3
4468,374,268,102428128,1
4469,434,426,169013862,1
4470,244,915,25908602695,34
4471,0,627,5094199,1
4472,56,140,1645760946892,38
4473,856,0,7961240,1
4474,936,56,334494470,1
4475,984,2185,103875697604,14
4476,56,158,43779795603,1
4477,2039,2210,15283802,1
4478,2971,1714,4310088,1
4479,75,984,1729174143,4
4480,415,564,35272806,1
4481,503,2194,1731120,1
4482,2,2356,1361147336,5
4483,61,222,47615837573,3
4484,56,1830,17620559608,2
4485,19,984,249999661300,5
4486,150,1045,1752420902,1
4487,38,8,19624186111,1
4488,374,2194,3606114029,13
4489,29,20,21775214,2
4490,193,839,1272620,1
4491,867,2210,7112000,2
4492,984,1641,367731266894,35
4493,32,32,51900067,1
4494,581,2913,207800011,1
4495,59,2187,290937580,27
4496,6,1435,672210417,1
4497,321,286,9149245334,6
4498,16,1397,23833436501,49
4499,20,2363,6352882878,1
4500,2,12,806809382,33
4501,984,1257,51423470967,4
4502,286,1397,75879944,1
4503,648,23,627245,1
4504,2248,113,477831812,14
4505,923,2,100988008,6
4506,778,12,1012230252,13
4507,297,41,13952940,1
4508,56,719,106312923074,3
4509,6,86,8738735421,13
4510,1611,0,384237,1
4511,66,648,32332705788,3
4512,152,74,471155003,2
4513,30,2267,3736723390,3
4514,244,434,910855800,1
4515,244,1815,9001833,1
4516,140,188,3585420,1
4517,38,74,84825011498,4
4518,984,63,114060400779,14
4519,12,943,19460378119,1
4520,116,44,86384835,1
4521,2,113,354499106,3
4522,0,1281,129912154,1
4523,41,660,89433,1
4524,2248,0,2950645871,38
4525,66,56,1689711212312,160
4526,1092,919,3461870,2
4527,1,1776,1178132647,10
4528,915,665,62640154837,47
4529,63,1,4328586,2
4530,24,99,45757496,1
4531,66,1083,14822046518,2
4532,1439,1478,2307689,1
4533,1285,38,87761905,2
4534,467,431,20827176139,20
4535,430,2210,24119566,1
4536,138,2276,5599859216,2
4537,225,54,3244757,1
4538,148,61,60178628311,3
4539,866,648,208455710,1
4540,168,1233,84630708,1
4541,30,86,1741587984,2
4542,852,648,8601321,1
4543,1124,188,1521043,1
4544,73,1478,11055523,5
4545,29,12,167986440,1
4546,528,2210,97470881,1
4547,69,29,13291629350,2
4548,1042,662,771724484,2
4549,1,1,510623468,2
4550,56,29,431590961965,14
4551,64,227,1638095477,4
4552,187,190,2682647,3
4553,1090,984,189945534,1
4554,225,0,1739078,1
4555,297,2,522342539,1
4556,0,2180,2857471,1
4557,86,23,115360300,3
4558,106,1478,7511000364,3
4559,11,907,271880347,1
4560,12,20,97335223903,7
4561,59,919,3409584,2
4562,56,13,23897505941,1
4563,155,870,17848452,1
4564,76,2,393065020,3
4565,0,2224,29440016,31
4566,27,1105,52877086,1
4567,374,665,6575966607,48
4568,20,1061,812551548701,12
4569,1906,2210,225318474,1
4570,13,30,2915398,1
4571,76,0,500661116,3
4572,106,648,10014667152,4
4573,20,66,6470894708,4
4574,856,12,31886118,2
4575,138,923,5430118060,2
4576,64,27,177355855,2
4577,150,1641,2747328356,2
4578,374,2233,5234438389,3
4579,534,56,1850565135,11
4580,2,142,60200614,1
4581,297,1478,4065740077,2
4582,893,56,351471228,3
4583,23,27,27538254,1
4584,182,20,25246006316,2
4585,67,225,51617470,1
4586,56,2194,84261530889,2
4587,1132,44,3342046,1
4588,5,81,41804263,1
4589,30,103,1300760459,1
4590,2418,44,879454,2
4591,821,54,3623790,1
4592,185,1815,118864400,2
4593,20,1,301339679428,4
4594,138,244,217195321953,65
4595,252,32,16236713,1
4596,48,0,10877194,1
4597,105,2131,2135623927,3
4598,662,126,13165660,1
4599,79,56,38600783,1
4600,13,1,4010945,1
4601,984,937,4598380847,2
4602,76,901,124047214,1
4603,1,56,7163074,3
4604,162,662,999892928,2
4605,2,95,224444242,11
4606,148,94,47526567685,10
4607,434,23,55330058,1
4608,984,79,36262238420,5
4609,662,12,120987877,9
4610,56,665,3177649628061,106
4611,1084,2210,112973870,2
4612,444,56,18772102,4
4613,915,901,1559536301,2
4614,134,1644,67337880,1
4615,2248,605,3385816,1
4616,493,61,14740558,1
4617,662,86,4483334,1
4618,244,984,27475689838,50
4619,2,648,1273758720,14
4620,1061,27,6204027178,3
4621,374,894,3430124954,16
4622,837,984,252599666,1
4623,1288,984,2889963,1
4624,0,19,4063250,2
4625,150,2,17430752305,10
4626,12,44,252984915547,13
4627,11,1143,1449047142,1
4628,106,2,2677579009,2
4629,1338,188,2313455,1
4630,984,1,22569444227,2
4631,38,246,112331386698,6
4632,33,2,1406291046,2
4633,75,285,1432314899,4
4634,796,3,75963337,1
4635,2194,376,12386600,2
4636,64,856,614040013,5
4637,140,984,33834718056,50
4638,30,1061,333946015,1
4639,244,2,5745141297,5
4640,23,856,81335048,4
4641,6,1011,672210417,1
4642,11,762,1476109690,2
4643,150,85,19679082218,10
4644,27,564,10655199187,2
4645,374,251,815244507,1
4646,442,185,2294570,1
4647,762,1788,754692419376,42
4648,62,2230,133608907,1
4649,374,16,1057942378,1
4650,85,152,85180543,8
4651,30,374,9215888914,3
4652,493,1644,8496862,1
4653,2,152,1885491243,41
4654,218,538,10001762956,1
4655,915,60,693370734,1
4656,23,1732,60445200,1
4657,116,56,23037846,1
4658,936,73,348104170,1
4659,984,636,37612816175,2
4660,32,193,124600,1
4661,1105,20,85206735,1
4662,95,67,3127590,1
4663,162,99,1603748773,4
4664,63,1061,1317340,1
4665,667,56,20018944,1
4666,82,1,7437219,2
4667,187,2224,3105494,2
4668,58,675,6508229,1
4669,150,323,7818680546,4
4670,298,788,7436721558,2
4671,1061,297,4483482586,1
4672,38,1629,40554498142,1
4673,11,244,1585753179,2
4674,6,2248,4033262502,6
4675,32,227,66141726,2
4676,56,913,53912358817,3
4677,400,2078,19817414,1
4678,376,1466,507690703,17
4679,152,1397,11636267,1
4680,244,66,629814356,2
4681,148,1,41493808177,3
4682,298,5,5723284143,2
4683,326,2210,48928102,2
4684,180,188,2780669,2
4685,984,286,277530827330,20
4686,0,939,10900,1
4687,66,20,257990452365,28
4688,62,126,475793581,1
4689,396,227,7819996,1
4690,60,56,468953685,2
4691,124,86,599931974,1
4692,112,2305,1499845500,1
4693,148,2230,12454038587,3
4694,512,1083,18203176,2
4695,155,638,13229204,1
4696,64,1644,384378561,1
4697,374,363,127524599,2
4698,11,3,11772401,1
4699,2,140,8070060051,42
4700,503,376,479599010,1
4701,27,374,39966771,2
4702,38,915,6986533327,1
4703,707,44,1312722,1
4704,148,901,26019630784,3
4705,30,29,117490416,1
4706,16,12,632491027,1
4707,2,20,3547069072,16
4708,984,140,256116199818,14
4709,63,296,1905500,1
4710,374,2248,2464345485,19
4711,27,779,7020718,1
4712,30,152,9253469305,11
4713,2,27,150737360,1
4714,1439,304,2307689,1
4715,236,944,48870,9
4716,1004,2835,3323656,1
4717,297,99,6630847475,9
4718,38,1160,33724499925,4
4719,340,894,35569623,2
4720,58,2185,482073226,1
4721,56,168,38098760086,1
4722,297,61,505918257,1
4723,43,56,342442444,6
4724,78,148,145051471,9
4725,2248,2224,314584588,8
4726,1788,185,952290552,1
4727,2248,856,13228182,1
4728,2897,984,1649328764,2
4729,693,61,32423144100,3
4730,396,478,4999866600,1
4731,113,648,2038690,1
4732,29,0,323106632,7
4733,79,185,1172439869,1
4734,56,467,7591827506879,214
4735,21,2224,1976781,2
4736,86,2230,215272695,6
4737,66,675,30435932156,34
4738,30,66,21888354953,1
4739,376,467,170056707,5
4740,2248,364,14175498,1
4741,148,2267,110345183824,1
4742,239,20,8404318,1
4743,12,455,19460378119,1
4744,882,188,953240,1
4745,105,313,811951460,1
4746,132,2204,109505773,2
4747,0,915,226177913,4
4748,2,225,23882976,1
4749,225,984,359447868,8
4750,551,2228,9764539916,2
4751,12,2924,123880207,1
4752,866,2,2812199481,2
4753,20,188,11039920,1
4754,1,81,1780693927,10
4755,56,1635,211809858582,9
4756,11,2,67911430697,68
4757,1472,148,91045683098,1
4758,1439,56,2307689,1
4759,11,30,2354386059,2
4760,1510,105,20118047656,29
4761,121,56,2495031159,9
4762,0,332,3212140,1
4763,32,63,1121950,1
4764,227,188,1292138,2
4765,374,2224,24765228496,171
4766,0,564,1539862139,1
4767,988,467,899944560,1
4768,38,1644,676516146,1
4769,126,894,545605316,1
4770,13,2363,3501547,1
4771,818,2027,13070830,3
4772,2289,56,142651979,2
4773,27,296,346695504,2
4774,75,340,1680706240,5
4775,314,374,38516791,1
4776,92,188,469776,1
4777,148,2913,47962843399,6
4778,534,2363,166995270,1
4779,38,1105,19573716144,1
4780,44,176,10636128,1
4781,2,467,3337585179,8
4782,2248,13,28289096,1
4783,148,304,12431856159,1
4784,298,894,3314939908,1
4785,2248,660,15371125,1
4786,86,2027,199920141,1
4787,38,581,22212815327,1
4788,20,2186,11324070829,7
4789,72,187,2136314,1
4790,646,442,12673783,1
4791,244,61,34684335078,33
4792,2,1641,1497222312,6
4793,618,0,15417712,1
4794,1143,56,223148510,3
4795,21,63,3920407,1
4796,112,1457,77159118,2
4797,187,73,108375963,1
4798,297,67,386324141,1
4799,140,2,13004126611,19
4800,478,894,6233139,1
4801,1,581,739640104,1
4802,21,912,6046511,1
4803,1051,0,364947000,1
4804,296,2210,960534132,6
4805,150,152,39917372320,23
4806,1061,74,2091842152,1
4807,66,79,23704726228,1
4808,212,665,18107588,2
4809,581,896,1525784,1
4810,984,30,570889294751,43
4811,638,2248,1217260,1
4812,1149,2305,226081670,2
4813,56,633,42220531535,1
4814,2248,25,517034982,18
4815,140,1440,1006293740,1
4816,0,3,228905,1
4817,68,2210,6000424944,1
4818,63,376,12473070,2
4819,106,1776,2503666788,1
4820,790,915,23626410,1
4821,864,105,56001527,1
4822,155,2877,280056097,6
4823,15,2194,341656632,1
4824,175,1061,281106981,1
4825,67,779,15895302,1
4826,866,2248,17279965333,9
4827,38,919,224723642350,19
4828,332,1714,4552821,1
4829,291,984,576530304,2
4830,662,66,6722600,1
4831,227,2215,16245304,1
4832,121,20,131020429,2
4833,222,61,10137659634,2
4834,23,2305,727295036,2
4835,105,2613,507928184,1
4836,233,376,1823030851,6
4837,56,32,332445076292,7
4838,1,93,177121619,1
4839,59,905,7153735,1
4840,915,333,1742976356,1
4841,129,1466,300223550,1
4842,56,458,14986708390,2
4843,374,1457,30682866,1
4844,1611,56,368277102,1
4845,94,16,100550613,1
4846,771,0,5072908,1
4847,2267,225,20490390,2
4848,923,2305,22764376,1
4849,112,548,6251789,1
4850,148,258,30594862501,1
4851,58,467,482073226,1
4852,396,86,6522030,1
4853,222,0,206871294,1
4854,63,165,4610900,1
4855,12,1397,38922735623,3
4856,2248,662,9134534121,94
4857,148,2187,15171813735,4
4858,56,901,2584737267286,75
4859,1061,67,5591319568,2
4860,78,20,1380694,1
4861,140,29,292034916,1
4862,634,79,33774985666,48
4863,2248,12,1594129924,35
4864,984,2924,77074890321,6
4865,0,905,2912137,1
4866,46,73,72052353,2
4867,2897,56,85898773,2
4868,2,67,82324212,2
4869,1233,901,4758673,1
4870,795,12,211865874,3
4871,244,59,952255900,1
4872,795,2,141243916,2
4873,29,478,4160927,1
4874,30,126,460535191,1
4875,376,980,8000085,2
4876,675,138,333221803679,40
4877,148,455,36800662698,3
4878,2,915,1118421324,4
4879,856,67,353611838,6
4880,121,2210,237678561,1
4881,1263,984,201314171,1
4882,227,915,56511963,1
4883,61,166,21341913727,1
4884,69,132,426486349992,32
4885,158,50,1662619658,5
4886,148,984,3528420471580,372
4887,915,1275,3512549375,2
4888,73,12,7131643,5
4889,73,56,385224894,16
4890,314,627,11123403,1
4891,984,163,4512249943,1
4892,56,268,768584102768,25
4893,13,1397,1300595,1
4894,126,850,3553512522,1
4895,2,684,28588222,1
4896,32,56,224673748,4
4897,374,1714,79793806,1
4898,227,225,50696061,1
4899,171,25,499920077,1
4900,387,648,1231324570,1
4901,152,907,315688,1
4902,347,20,327531830,1
4903,178,56,198116471,1
4904,132,2185,107261724,2
4905,58,788,11390480777,2
4906,551,2204,4882269958,1
4907,56,662,1634154744194,42
4908,105,2230,465860074,2
4909,56,1440,688074998657,20
4910,374,126,63475828,1
4911,44,155,3182277,1
4912,56,5,29325003627,2
4913,5,1,2520814,1
4914,646,188,1791818,2
4915,934,196,2001792,1
4916,253,152,1772476,1
4917,148,175,46131177303,7
4918,11,2815,296898213,1
4919,132,67,4694999,2
4920,1020,0,111060,1
4921,86,2248,87283936,3
4922,166,188,671618,1
4923,67,467,111379846,3
4924,984,596,66329609,1
4925,11,2555,1186439194,1
4926,440,1628,16380,6
4927,428,148,1033190463,1
4928,984,893,99499123055,13
4929,1061,1472,8479267258,5
4930,432,2215,15150095,1
4931,73,95,1046166,1
4932,614,99,73102406,2
4933,12,21,10170593,3
4934,2,23,30468384,1
4935,67,478,3371694,1
4936,575,188,670891,1
4937,1628,2210,2730,1
4938,984,20,2984577236092,232
4939,23,82,1293164,1
4940,2,188,187582237,7
4941,0,943,812136,1
4942,23,20,19978142095,7
4943,148,662,1625588798,1
4944,73,113,37103447,4
4945,20,85,143705266,1
4946,11,246,997878310,1
4947,73,907,1149668,1
4948,662,896,1419978,1
4949,612,140,547044000,2
4950,38,195,40554498142,1
4951,89,2210,65134945860,5
4952,44,27,498791858,9
4953,82,2210,107141982,2
4954,126,258,4042170950,1
4955,1628,440,616380,6
4956,1149,56,333454326,2
4957,1,2182,5861107094,35
4958,60,86,26265364,1
4959,246,171,14155035343,16
4960,1,99,6830559817,17
4961,260,225,4370399,1
4962,298,106,4862352114,1
4963,64,38,226835827,2
4964,0,102,906254,1
4965,105,121,2873315022,5
4966,152,1143,210277,1
4967,984,304,29748158496,3
4968,56,253,158365448047,6
4969,662,1440,1270669,1
4970,286,212,405841325,1
4971,374,915,94420453739,589
4972,2,374,248435794,3
4973,627,2248,60693663,1
4974,444,984,509761612,6
4975,171,984,499920077,1
4976,856,16,49196841,1
4977,984,1007,18077453212,1
4978,939,0,2463647,2
4979,581,20,41200386,1
4980,555,56,3000277,1
4981,67,227,151399020,1
4982,64,839,1234639257,5
4983,69,1732,268344453928,19
4984,984,1635,40100149974,4
4985,64,86,1746198246,8
4986,1993,2230,7379337,1
4987,430,984,780763211,21
4988,1105,984,50043780,2
4989,444,86,178488000,3
4990,148,943,952915663,1
4991,1,665,3962037970,26
4992,67,56,1653724638,26
4993,293,152,69799411130,1
4994,63,1,6904539,4
4995,148,121,68805694753,8
4996,21,148,76058039,1
4997,534,278,166995270,1
4998,0,662,60293760,23
4999,627,23,213347649,1
5000,150,2339,1385251390,1
5001,16,2210,1772063733,2
5002,0,232,999912161,1
5003,103,893,9150800,1
5004,2127,67,86860294,1
5005,432,86,15150095,1
5006,0,1810,4931672,1
5007,20,61,271077086994,14
5008,102,222,35640488,1
5009,58,2,9999481919,1
5010,771,188,4146490,2
5011,69,428,252348119361,18
5012,387,20,15163844570,2
5013,648,2858,21780130,1
5014,984,637,5596913177,1
5015,11,5,2313122166,2
5016,0,778,5146097752,6
5017,0,54,10087185,1
5018,106,67,2503666788,1
5019,364,915,4776684,1
5020,132,1257,129833699,5
5021,85,38,15015757,1
5022,23,455,1112023,1
5023,227,2,35435761,1
5024,23,2248,1999700000,1
5025,61,1083,9190975169,2
5026,2248,1440,882435569,10
5027,148,796,306140363943,17
5028,293,1281,69799411130,1
5029,56,455,545487308959,13
5030,5,778,83867748,1
5031,374,884,54735210,1
5032,2248,638,96238628,4
5033,516,38,2808871,1
5034,38,984,6275880986603,354
5035,32,3,61883394,1
5036,340,2210,342014260,5
5037,74,38,144762025,2
5038,1,1440,27949229,2
5039,581,984,13101823,3
5040,1102,564,1197079214,6
5041,24,27,69900000,1
5042,44,268,1813534,1
5043,148,23,13777183863,3
5044,29,99,725024956,2
5045,15,56,453960993,5
5046,2289,38,19999518,1
5047,106,30,2503666788,1
5048,156,152,726914994,1
5049,660,0,3056581,1
5050,66,227,27658441611,3
5051,132,2913,8091864255,1
5052,278,581,363167717,1
5053,150,38,7461892630,3
5054,106,581,5007333576,2
5055,54,984,286323813,5
5056,581,1478,4654852,2
5057,278,0,987016395,5
5058,2,73,541920751,23
5059,0,1457,65855445030,2
5060,839,0,3486797,2
5061,94,99,323018691,3
5062,984,947,70001374513,6
5063,1,778,363818077,2
5064,20,634,1030562370,1
5065,74,434,79900633,1
5066,1510,467,867057923,1
5067,30,762,2573495952,1
5068,662,2291,1256246,1
5069,227,5,95829575,1
5070,374,2131,49883151,1
5071,185,1472,2754780,1
5072,387,38,33027704570,3
5073,2,923,115342932,1
5074,44,227,379784667,5
5075,66,719,2512455388,1
5076,850,33,135566141,3
5077,105,1,1545325368,3
5078,126,23,3990053264,1
5079,2,894,145045937,3
5080,1363,662,25233783,1
5081,73,984,79791171,6
5082,12,850,895177393474,46
5083,12,246,19460378119,1
5084,374,870,318929968,2
5085,106,665,5007333576,2
5086,253,1061,242607709,1
5087,13,44,2186920,1
5088,64,1439,100809848,1
5089,627,984,149476498,3
5090,1,2,27038700693,97
5091,984,1397,215633523914,19
5092,15,1644,316752941,1
5093,30,648,794660215,4
5094,56,2210,23225709103336,642
5095,293,16,1202523672549,16
5096,38,468,568599458783,22
5097,1628,894,2730,1
5098,56,21,333441383911,10
5099,3084,467,11492968,1
5100,56,779,2154080082098,55
5101,0,2228,10492607,2
5102,16,81,9080930123,16
5103,984,105,2382987615534,204
5104,30,2215,1577519487,1
5105,450,467,2801948,1
5106,11,1233,147096323,1
5107,2,126,50323192,1
5108,148,1635,7742413683,1
5109,183,796,25957448,1
5110,478,182,28874972,1
5111,20,23,41725008169,9
5112,38,56,19999873504,1
5113,54,44,17930303,1
5114,1,23,505035154,2
5115,2,63,425993239,4
5116,286,67,115271831,1
5117,428,2305,45081500,1
5118,1877,984,807914,1
5119,148,915,97474960493,8
5120,16,984,5643985997,11
5121,30,99,1837567588,3
5122,16,20,203882630,1
5123,1233,467,2688855,1
5124,51,12,1107192,2
5125,59,374,13171700,2
5126,122,928,19193665732,3
5127,2,332,45949136,1
5128,1,386,57967039,1
5129,1439,95,4615378,2
5130,148,244,446275318841,50
5131,984,1083,153896280713,12
5132,428,61,10100050167,4
5133,150,350,3044114226,1
5134,148,112,4389338075,1
5135,6,152,672210417,1
5136,690,105,21395800,1
5137,297,106,14527407,2
5138,1,79,216574656,3
5139,67,61,34192988,2
5140,2267,38,2253601,1
5141,73,208,1415970,1
5142,534,12,503709243,3
5143,0,919,764538187,29
5144,69,2229,14123392312,1
5145,856,478,1327403,1
5146,132,984,29287256673,20
5147,662,1530,3968952,1
5148,2611,188,4592218,1
5149,564,19,150000000000,3
5150,20,1635,100656719475,2
5151,58,225,12614610,1
5152,185,105,1026840722,4
5153,1004,288,4627411,1
5154,571,56,2551554,1
5155,539,304,2453745,1
5156,30,386,162719544,1
5157,95,665,1063052,1
5158,286,919,134617103,2
5159,56,2093,60747409444,1
5160,73,2305,1434808,1
5161,76,2185,221902182,2
5162,105,82,5318194418,6
5163,86,6,169984166,3
5164,565,2210,31020226,1
5165,38,2230,16242465453,7
5166,56,113,110090840085,5
5167,1772,16,99464246,1
5168,132,12,5014269160,1
5169,86,1810,2534462,1
5170,23,2288,52621002,2
5171,56,99,10304423023286,318
5172,444,121,28367497,1
5173,821,856,10407316,1
5174,2,426,24298145,1
5175,2041,77,17665530498,64
5176,503,2248,520967994,1
5177,105,455,1380346444,3
5178,15,464,343040103,1
5179,58,73,9999481919,1
5180,148,1083,66925005976,7
5181,20,59,189497770,2
5182,30,984,54045791245,64
5183,1,762,9621837,1
5184,12,762,38920756238,2
5185,38,0,140693495877,9
5186,233,2210,492974349,1
5187,915,2180,1006518863,1
5188,13,856,6022010,1
5189,2248,564,108155801,1
5190,239,0,24112520,4
5191,20,148,215624703055,16
5192,19,1061,49999932200,1
5193,837,2305,382041300,1
5194,27,185,141720750,3
5195,2267,86,10300000,1
5196,105,1466,4457845686,3
5197,64,56,80464490179,254
5198,73,788,1234301,1
5199,148,1472,43226493747,4
5200,637,105,11766041,1
5201,227,1457,36167183,1
5202,1472,675,2094050711254,23
5203,442,244,299614825,2
5204,665,64,67009526835,88
5205,1061,957,60524414901,10
5206,218,8,999932200,1
5207,984,1457,746939048078,59
5208,113,0,12785916,4
5209,44,56,8300138961,77
5210,340,44,8447100,1
5211,984,4,145252723740,13
5212,2,66,953694657,2
5213,0,14,906255,1
5214,150,984,7104836855,5
5215,2594,665,15402588,1
5216,3084,957,13507127,1
5217,642,2200,565630768,3
5218,374,190,267951417,1
5219,152,665,2805622,1
5220,62,95,40719192,1
5221,56,675,5640847795545,158
5222,298,2,31004069602,16
5223,23,564,449933432,6
5224,56,73,1434991679311,47
5225,82,665,391105,1
5226,82,891,2853943,1
5227,2131,38,202490996,1
5228,856,1,10436018,1
5229,73,1083,1270122,1
5230,61,2210,757227078167,72
5231,67,2230,1914326329,3
5232,374,1288,279452744,1
5233,376,340,38385817,4
5234,138,564,5543811251,2
5235,693,984,3615274400,1
5236,984,95,134780750819,17
5237,183,2183,360935302,1
5238,64,2210,1808334698,8
5239,662,44,1537530,1
5240,78,984,27717834,1
5241,299,0,48044255,10
5242,6,648,3524627755,6
5243,11,12,2821607193,3
5244,150,901,1752420902,1
5245,40,984,126830000,1
5246,27,915,47240825,2
5247,79,239,11237706,1
5248,12,893,19460378119,1
5249,32,0,6568006,4
5250,984,901,682940192579,59
5251,1037,894,11958908,1
5252,2248,244,147620912,3
5253,15,12,58281884,1
5254,30,56,204482462837,153
5255,227,244,276352367,1
5256,73,2185,12000866,1
5257,244,1457,103159500,1
5258,1007,296,30223528,1
5259,38,2131,115869373239,7
5260,239,778,203340931,2
5261,148,105,97587417575,10
5262,274,915,40063913,1
5263,100,12,20140000,1
5264,75,20,720029430,1
5265,0,1083,158121433,30
5266,61,2,38093360131,4
5267,297,2210,599627920,4
5268,67,665,5999020,1
5269,2858,440,1661936,5
5270,38,2913,74376078412,3
5271,296,984,1838292450,16
5272,286,2289,270470252,1
5273,936,113,1231263540,2
5274,29,73,12172436,2
5275,56,1776,910729718762,27
5276,106,856,2503666788,1
5277,56,66,1878825315225,52
5278,9,188,613351292,1
5279,2,38,210850584683,7
5280,33,984,1000,1
5281,888,155,811902,1
5282,374,114,104414739,1
5283,374,21,1960376916,10
5284,30,148,7594829875,3
5285,148,63,38337276184,2
5286,677,0,81554017,1
5287,23,222,84100000,2
5288,2288,374,2473100,1
5289,662,1397,16739596,6
5290,662,20,2196718,1
5291,1510,148,2156280795,3
5292,121,38,150583864,1
5293,2683,340,62725505,1
5294,0,1644,3433956,6
5295,64,648,838962814,3
5296,56,2186,2854540689927,92
5297,171,2210,999840154,2
5298,6,23,1344420834,2
5299,140,901,3634440336,5
5300,662,2363,5223701,2
5301,148,2855,75346239363,16
5302,602,1004,3195275,2
5303,707,2224,50239731,1
5304,1788,1281,952290552,1
5305,984,94,3097783175,1
5306,974,155,10039341,1
5307,172,1,53093932,1
5308,1061,126,300778216,1
5309,12,1647,19460378119,1
5310,30,778,1489023476,4
5311,374,891,2463617479,10
5312,227,2230,152773942,1
5313,12,38,156709793898,11
5314,21,538,6792797,1
5315,172,105,47145029,1
5316,866,297,10369233249,3
5317,23,16,932953315,2
5318,75,376,16749170707,50
5319,82,56,822998218,9
5320,79,12,2800103,1
5321,64,61,1859911236,2
5322,227,2,7244514,1
5323,64,919,411056871,3
5324,2248,185,19724748,1
5325,63,2233,1111353,1
5326,1051,38,766626,1
5327,374,1641,232357366,2
5328,105,268,3550962849,5
5329,56,637,874969172313,16
5330,0,779,248214,1
5331,0,5,1023318,2
5332,81,2,856868799,4
5333,105,2857,1603816847,1
5334,627,148,61849970,1
5335,29,2248,2130169,1
5336,147,2248,61444352,2
5337,152,215,9283105,2
5338,20,1641,173556737,2
5339,79,225,4348297,3
5340,54,148,25159922,1
5341,113,1641,50198485,3
5342,2,455,921708382,1
5343,1,474,1404640582,2
5344,6,374,672210417,1
5345,310,2530,5381936,1
5346,20,943,27892232266,1
5347,64,2962,166636981,1
5348,930,2210,41363827,1
5349,821,105,1688347,1
5350,0,1439,611736,3
5351,27,2,13459382,1
5352,649,984,799850000,2
5353,116,1,190694693,2
5354,1061,59,16754941972,6
5355,23,44,127639235,4
5356,778,2185,4896787347,12
5357,162,86,504446817,1
5358,44,23,20632894,1
5359,2,779,52112188,2
5360,6,95,5377683336,8
5361,11,917,1283027912,1
5362,152,376,54794144,4
5363,152,919,678255,2
5364,56,191,23529282127,1
5365,32,1,124623218,3
5366,2,50,22655160,1
5367,2,86,164764515,2
5368,588,870,2341938,1
5369,6,2027,672210417,1
5370,856,105,288863422,15
5371,515,1644,525000,1
5372,79,2267,270282232,2
5373,387,56,59581594570,5
5374,162,188,124902224,1
5375,374,73,151564166,1
5376,299,85,5605434,1
5377,16,839,174890643,1
5378,67,376,4785073,1
5379,1494,2246,7448299,1
5380,195,2,3920229,1
5381,915,58,3252949005,1
5382,1061,428,18656580644,1
5383,2449,286,20455292,1
5384,25,1,3210000,1
5385,866,901,7987054971,3
5386,12,132,9461035980079,484
5387,86,2210,1198882652,6
5388,662,2185,2723532,1
5389,376,1084,50568500,1
5390,2,376,23121704,1
5391,866,38,4684611761,2
5392,1993,20,45853461,1
5393,0,1440,22021256375,19
5394,374,2363,68964013,1
5395,1214,428,503825329,2
5396,16,140,2357673496,5
5397,11,2305,9984413868,10
5398,147,56,30722176,1
5399,152,86,10903261,3
5400,749,2363,2089735580,3
5401,232,2186,28643600,2
5402,291,20,437899906,1
5403,38,196,5103281030,1
5404,56,426,71139823565,1
5405,1770,0,19626037,3
5406,116,56,361611571,4
5407,1810,984,18728961,1
5408,12,665,330830940801,19
5409,67,44,432604515,11
5410,1,23,120332459,1
5411,30,340,338125489,1
5412,54,1478,376334102,4
5413,434,665,196203621,4
5414,268,870,2196248,1
5415,27,428,293303874,3
5416,148,1457,519372665,1
5417,145,63,21500663,1
5418,511,1701,2773035,2
5419,12,894,233524537428,12
5420,148,376,12707566936,1
5421,1437,2793,64960000,1
5422,5,901,2874670,1
5423,662,0,51245561,17
5424,984,1061,1505075425568,94
5425,95,29,1085200,1
5426,581,29,35154088,2
5427,2,2187,251591309,5
5428,74,1440,35025600,1
5429,358,332,490494,1
5430,105,2182,686668642,1
5431,778,20,4061155402,10
5432,0,1053,1019382,1
5433,23,1439,199920854,1
5434,23,56,15778082985,10
5435,132,607,1590675,1
5436,23,2,35021414,1
5437,2248,145,14212206,2
5438,213,920,13210658,1
5439,105,850,858111340,1
5440,64,374,3456126890,8
5441,134,2187,6272606,1
5442,81,984,159469346,3
5443,30,2187,19834307242,3
5444,1281,33,652181337,5
5445,0,99,21679425,2
5446,227,44,1906317329,12
5447,984,943,17615242603,1
5448,152,648,8652130,1
5449,168,2,107308189,1
5450,59,1440,9778680,2
5451,2248,2,95396364,2
5452,6,252,672210417,1
5453,2,2215,464934838,1
5454,56,1105,1399736885,1
5455,63,102,1288164,1
5456,244,105,22994100,3
5457,268,16,2868957,2
5458,13,56,5858516,1
5459,64,2276,686569375,4
5460,81,29,6822734,2
5461,915,27,3783359325,1
5462,481,2248,13681354,1
5463,286,1130,351941717,1
5464,503,428,519725023,1
5465,105,102,138723849,1
5466,67,0,36937547,5
5467,23,2305,379550000,1
5468,298,30,8835935277,3
5469,984,894,136971289162,10
5470,633,374,69978654,2
5471,126,901,18429106297,8
5472,56,61,1623094271721,41
5473,38,442,10984380000,1
5474,19,984,148486941,1
5475,832,155,119750196,1
5476,27,984,10738482737,64
5477,984,957,45621181190,4
5478,138,2248,10848033179,4
5479,984,90,7123134002,1
5480,66,185,83818690679,61
5481,273,56,9207663012,3
5482,86,1635,31508705,1
5483,5,105,2371329,1
5484,778,253,295560266,1
5485,56,59,172555721787,7
5486,662,675,2007807,1
5487,12,32,19460378119,1
5488,105,297,87822101216,105
5489,5,56,91454109,7
5490,73,340,16397881,2
5491,1981,56,316406250,6
5492,984,2224,9659134375,2
5493,984,662,57297379171,10
5494,10,2210,41007546,1
5495,2200,511,6617890379,48
5496,374,169,1873511387,6
5497,38,1440,5896036835,1
5498,534,73,339437406,2
5499,1,984,35592076301,69
5500,182,56,54564576623,5
5501,13,0,42114900,10
5502,984,632,12383311777,1
5503,222,1257,301002211,1
5504,29,467,11518189,4
5505,20,244,376631600619,11
5506,648,38,618513988,1
5507,13,140,2929395,1
5508,2078,400,7954227,1
5509,5,38,5228831,1
5510,1993,984,264075623,4
5511,56,154,161899102159,2
5512,62,1,423882210,4
5513,27,648,52707000,1
5514,150,385,1752420902,1
5515,297,778,6843890978,14
5516,56,1439,80667383241,1
5517,105,132,7695196172,6
5518,1,244,2181293761,8
5519,79,0,1108594,1
5520,105,894,3894787740,8
5521,507,894,1204829852,1
5522,478,38,58708755,2
